10000
5 17 18 19 43 47 54 56 58 64
69 76 77 89 95 99 117 121 122 127
136 154 157 163 171 192 207 209 213 225
230 255 283 284 286 288 290 308 323 331
338 349 350 368 377 388 403 408 419 420
423 425 428 431 447 454 459 465 471 478
486 489 507 510 511 517 540 559 561 562
576 586 588 604 609 642 644 675 692 698
716 734 738 741 746 751 752 764 789 795
810 811 814 827 839 840 843 869 905 912
930 934 936 947 958 965 968 987 989 1001
1012 1024 1029 1033 1060 1073 1077 1085 1104 1106
1138 1147 1148 1160 1168 1170 1173 1184 1190 1209
1223 1228 1256 1258 1268 1270 1274 1275 1285 1288
1299 1305 1307 1316 1329 1332 1335 1336 1340 1346
1347 1351 1387 1389 1398 1404 1436 1447 1464 1469
1477 1485 1494 1508 1511 1517 1521 1542 1543 1545
1552 1561 1568 1577 1579 1586 1591 1595 1597 1628
1636 1649 1675 1677 1680 1687 1693 1702 1708 1709
1716 1721 1729 1742 1755 1767 1768 1774 1776 1799
1800 1804 1817 1829 1843 1844 1847 1886 1890 1894
1899 1901 1905 1929 1930 1931 1936 1940 1953 1954
1986 1987 2026 2038 2057 2065 2092 2096 2104 2105
2125 2129 2130 2161 2165 2166 2174 2175 2184 2193
2196 2203 2206 2210 2254 2256 2268 2269 2282 2298
2302 2304 2327 2330 2336 2337 2344 2347 2350 2357
2362 2385 2386 2389 2412 2425 2427 2441 2443 2450
2462 2468 2473 2479 2487 2490 2493 2494 2506 2507
2517 2521 2551 2555 2561 2563 2573 2574 2590 2604
2630 2636 2650 2654 2676 2687 2696 2700 2720 2728
2730 2734 2735 2745 2753 2762 2779 2788 2799 2804
2827 2848 2849 2878 2890 2894 2903 2904 2927 2933
2944 2956 2958 2976 2996 3002 3037 3046 3049 3071
3074 3078 3108 3109 3119 3126 3140 3147 3152 3166
3174 3176 3203 3208 3210 3222 3225 3259 3274 3275
3280 3288 3297 3322 3333 3345 3375 3382 3393 3398
3458 3470 3475 3481 3483 3539 3556 3558 3560 3575
3583 3592 3595 3597 3605 3612 3615 3617 3636 3651
3670 3671 3672 3680 3695 3698 3705 3709 3716 3725
3729 3742 3759 3761 3765 3772 3791 3803 3813 3821
3826 3860 3881 3918 3920 3924 3929 3933 3934 3948
3978 3986 4001 4012 4040 4057 4062 4074 4083 4097
4115 4118 4125 4147 4155 4172 4177 4180 4199 4219
4227 4229 4233 4239 4240 4248 4256 4265 4266 4309
4315 4330 4331 4338 4341 4346 4352 4372 4376 4378
4384 4388 4395 4399 4439 4440 4451 4467 4482 4488
4489 4518 4519 4567 4577 4578 4593 4597 4598 4600
4609 4644 4647 4654 4671 4674 4696 4700 4704 4707
4715 4716 4718 4738 4743 4772 4789 4791 4795 4799
4818 4819 4830 4848 4867 4871 4896 4902 4910 4923
4947 4960 4962 4964 4967 4969 4971 4993 5004 5005
5011 5016 5017 5021 5037 5039 5059 5068 5078 5091
5100 5109 5121 5140 5144 5151 5169 5179 5188 5189
5196 5198 5203 5223 5241 5247 5263 5282 5298 5302
5323 5328 5350 5365 5377 5379 5415 5460 5491 5498
5505 5508 5516 5518 5520 5538 5547 5554 5557 5558
5562 5616 5622 5630 5645 5660 5716 5722 5730 5748
5749 5751 5757 5778 5809 5817 5838 5839 5845 5848
5870 5875 5899 5916 5929 5952 5966 5997 6006 6022
6026 6031 6034 6038 6042 6048 6049 6051 6059 6076
6080 6111 6117 6125 6129 6130 6141 6147 6186 6191
6198 6204 6219 6221 6229 6242 6245 6266 6298 6303
6304 6344 6357 6359 6360 6373 6377 6382 6391 6417
6422 6425 6442 6454 6478 6488 6500 6509 6519 6521
6541 6552 6556 6564 6570 6576 6592 6595 6599 6601
6606 6624 6657 6661 6666 6677 6682 6701 6709 6711
6739 6741 6760 6778 6786 6811 6825 6841 6873 6881
6891 6894 6905 6931 6944 6947 6966 6985 6988 6993
6997 7010 7011 7015 7019 7037 7042 7048 7052 7062
7063 7065 7076 7098 7102 7112 7117 7142 7143 7155
7159 7164 7165 7179 7184 7189 7207 7218 7242 7247
7253 7266 7276 7277 7288 7291 7305 7315 7316 7318
7327 7341 7368 7386 7395 7406 7409 7419 7424 7430
7434 7445 7451 7460 7462 7475 7476 7477 7488 7503
7510 7518 7526 7531 7538 7542 7547 7553 7565 7590
7620 7628 7631 7632 7646 7650 7693 7722 7742 7747
7752 7760 7771 7772 7796 7799 7819 7823 7826 7849
7873 7885 7906 7913 7914 7928 7951 7974 7977 7980
7997 8010 8011 8012 8027 8034 8040 8048 8058 8061
8064 8073 8079 8090 8112 8120 8121 8134 8143 8145
8148 8159 8175 8183 8186 8189 8199 8200 8210 8213
8219 8227 8262 8272 8296 8314 8318 8324 8328 8334
8342 8364 8373 8381 8388 8404 8419 8449 8455 8488
8490 8494 8496 8504 8505 8516 8526 8539 8557 8559
8578 8591 8595 8632 8641 8644 8647 8648 8654 8657
8662 8663 8664 8679 8680 8681 8697 8698 8706 8710
8716 8738 8747 8749 8758 8785 8798 8809 8821 8835
8842 8870 8888 8894 8896 8910 8921 8924 8949 8975
8976 8978 8984 8985 9055 9068 9077 9096 9108 9116
9122 9134 9135 9137 9138 9157 9210 9212 9223 9228
9238 9243 9248 9253 9257 9264 9267 9286 9328 9345
9347 9350 9351 9366 9370 9373 9379 9390 9398 9432
9435 9442 9498 9508 9519 9534 9539 9540 9541 9547
9553 9556 9587 9590 9624 9664 9676 9710 9711 9718
9726 9770 9771 9792 9793 9807 9819 9820 9821 9824
9833 9852 9876 9891 9912 9918 9931 9934 9949 9950
9952 9956 9968 9987 10013 10022 10026 10036 10046 10049
10055 10057 10076 10080 10082 10123 10137 10155 10159 10175
10191 10192 10201 10202 10226 10229 10235 10243 10247 10276
10282 10294 10299 10308 10338 10369 10377 10418 10425 10435
10456 10458 10467 10469 10483 10493 10497 10506 10522 10523
10528 10529 10557 10569 10570 10575 10581 10592 10599 10625
10630 10632 10635 10641 10645 10654 10657 10660 10661 10664
10666 10693 10697 10698 10711 10714 10716 10730 10746 10747
10752 10754 10774 10810 10821 10826 10831 10874 10888 10890
10893 10895 10914 10924 10925 10926 10939 10950 10954 10961
10966 10968 10997 11017 11026 11033 11037 11042 11053 11061
11062 11078 11089 11099 11104 11110 11120 11125 11134 11145
11164 11169 11171 11179 11192 11193 11205 11206 11217 11223
11246 11255 11260 11290 11319 11332 11334 11336 11361 11365
11381 11384 11396 11403 11431 11432 11444 11446 11459 11464
11475 11481 11491 11495 11498 11507 11538 11539 11553 11554
11585 11629 11636 11645 11653 11690 11697 11719 11723 11738
11739 11755 11767 11768 11781 11783 11790 11792 11796 11798
11809 11811 11812 11832 11842 11845 11857 11885 11886 11898
11900 11905 11933 11938 11947 11950 11953 11955 11965 11981
11999 12027 12029 12047 12054 12055 12062 12066 12067 12070
12072 12074 12077 12078 12104 12127 12141 12166 12180 12185
12195 12202 12211 12221 12244 12248 12258 12259 12261 12278
12293 12308 12327 12334 12343 12344 12354 12362 12365 12381
12399 12420 12423 12430 12434 12438 12464 12484 12488 12513
12529 12539 12540 12542 12544 12548 12550 12557 12572 12587
12608 12612 12613 12639 12643 12667 12668 12669 12677 12692
12705 12713 12741 12749 12756 12773 12785 12787 12801 12811
12819 12829 12856 12880 12893 12895 12901 12912 12913 12918
12919 12929 12935 12936 12949 12958 12961 12969 12970 12986
12999 13000 13005 13014 13027 13032 13064 13069 13078 13090
13097 13100 13103 13112 13119 13136 13160 13163 13167 13178
13193 13215 13243 13246 13250 13253 13266 13329 13332 13337
13350 13364 13377 13379 13387 13389 13398 13403 13411 13423
13427 13429 13444 13459 13466 13479 13481 13498 13503 13518
13522 13529 13541 13553 13554 13563 13580 13612 13631 13632
13637 13656 13682 13683 13686 13700 13713 13736 13740 13744
13756 13767 13769 13775 13780 13782 13786 13803 13812 13819
13823 13832 13855 13864 13871 13874 13886 13887 13888 13911
13921 13930 13931 13936 13945 13952 13987 13990 14005 14007
14022 14036 14037 14061 14065 14067 14072 14082 14085 14115
14127 14130 14143 14171 14186 14196 14199 14205 14215 14222
14227 14259 14274 14276 14285 14289 14292 14318 14322 14334
14344 14351 14363 14375 14376 14391 14394 14399 14406 14411
14417 14425 14427 14429 14435 14441 14444 14451 14453 14464
14465 14477 14479 14491 14495 14498 14522 14525 14535 14548
14565 14567 14574 14576 14583 14587 14602 14616 14619 14622
14626 14688 14689 14690 14696 14716 14745 14753 14757 14785
14791 14811 14823 14826 14831 14833 14851 14858 14880 14887
14903 14909 14911 14926 14931 14942 14947 14948 14964 14976
14990 14991 14993 14999 15000 15009 15012 15053 15056 15060
15085 15106 15115 15116 15118 15139 15142 15146 15163 15164
15169 15192 15197 15206 15215 15230 15231 15240 15258 15270
15280 15294 15302 15303 15313 15316 15317 15319 15326 15328
15334 15336 15354 15355 15371 15383 15395 15397 15405 15408
15416 15426 15430 15436 15438 15446 15469 15474 15481 15491
15495 15504 15505 15525 15526 15531 15540 15555 15559 15560
15563 15575 15592 15607 15628 15666 15667 15683 15696 15740
15744 15746 15752 15756 15769 15781 15853 15862 15868 15873
15874 15877 15900 15904 15910 15932 15945 15957 15960 15995
16030 16031 16039 16043 16065 16088 16118 16139 16144 16162
16163 16166 16171 16175 16176 16177 16186 16188 16189 16208
16218 16220 16224 16228 16235 16265 16281 16282 16283 16284
16300 16312 16313 16319 16320 16364 16370 16384 16399 16402
16406 16419 16425 16426 16429 16431 16434 16447 16460 16466
16470 16479 16502 16517 16544 16550 16551 16557 16574 16592
16595 16598 16621 16651 16652 16656 16658 16677 16695 16701
16723 16733 16742 16745 16751 16760 16761 16768 16786 16789
16791 16837 16840 16841 16856 16860 16878 16879 16881 16889
16896 16901 16903 16904 16943 16971 16972 16974 16982 16989
17002 17007 17021 17027 17045 17049 17056 17067 17070 17073
17074 17075 17078 17089 17107 17120 17123 17134 17138 17159
17167 17182 17186 17188 17209 17234 17238 17274 17292 17308
17309 17317 17319 17321 17326 17331 17339 17344 17349 17356
17362 17368 17381 17385 17392 17400 17404 17415 17431 17481
17483 17489 17512 17514 17516 17536 17550 17556 17558 17581
17595 17601 17640 17651 17655 17659 17666 17677 17681 17682
17699 17701 17704 17707 17721 17736 17750 17759 17767 17783
17785 17794 17795 17798 17807 17821 17826 17831 17839 17840
17843 17844 17860 17863 17867 17872 17880 17907 17911 17933
17940 17944 17955 17966 17982 17994 18012 18022 18030 18039
18043 18045 18054 18062 18069 18086 18093 18107 18140 18155
18157 18158 18164 18167 18168 18184 18187 18198 18223 18224
18234 18239 18240 18249 18261 18273 18280 18296 18298 18299
18303 18310 18320 18339 18352 18353 18359 18361 18363 18367
18377 18378 18381 18384 18385 18394 18396 18410 18420 18425
18462 18476 18483 18485 18491 18492 18494 18498 18507 18510
18511 18520 18550 18552 18565 18579 18583 18584 18590 18609
18622 18643 18646 18648 18662 18668 18680 18681 18683 18701
18704 18722 18738 18754 18781 18787 18789 18790 18796 18801
18807 18818 18825 18833 18856 18877 18878 18887 18893 18902
18918 18925 18947 18970 18977 18980 18993 19004 19018 19019
19020 19028 19036 19040 19054 19062 19064 19078 19082 19083
19118 19120 19131 19136 19143 19150 19154 19162 19165 19197
19200 19204 19207 19212 19214 19229 19233 19234 19238 19251
19258 19264 19270 19273 19278 19295 19297 19303 19319 19323
19324 19325 19327 19330 19339 19351 19361 19394 19415 19416
19428 19437 19443 19459 19473 19480 19511 19521 19588 19589
19608 19616 19624 19628 19633 19658 19661 19674 19694 19706
19733 19747 19757 19795 19798 19801 19808 19811 19833 19859
19909 19910 19916 19924 19928 19930 19943 19947 19957 19983
19996 20002 20014 20023 20038 20049 20060 20069 20089 20144
20149 20167 20197 20201 20204 20213 20232 20245 20255 20259
20280 20288 20297 20308 20313 20314 20319 20323 20348 20350
20364 20375 20377 20400 20413 20414 20423 20427 20436 20438
20445 20471 20486 20501 20509 20535 20536 20557 20568 20576
20580 20581 20588 20592 20594 20595 20602 20606 20617 20618
20619 20621 20636 20637 20638 20641 20642 20647 20654 20665
20673 20705 20722 20733 20737 20738 20744 20764 20765 20776
20785 20787 20797 20802 20816 20842 20851 20853 20872 20875
20877 20895 20899 20909 20911 20917 20933 20935 20959 20974
20982 21000 21005 21006 21009 21026 21027 21041 21052 21056
21075 21077 21099 21104 21111 21129 21139 21142 21150 21171
21172 21180 21188 21213 21226 21259 21264 21266 21268 21272
21278 21280 21285 21296 21302 21304 21305 21322 21326 21329
21352 21364 21378 21384 21387 21389 21396 21399 21413 21422
21463 21468 21473 21487 21488 21548 21558 21619 21630 21658
21663 21665 21671 21700 21702 21725 21727 21763 21807 21823
21824 21827 21830 21851 21862 21868 21881 21887 21901 21902
21935 21939 21946 21948 21956 21957 21966 21985 22016 22026
22048 22056 22066 22071 22082 22086 22102 22111 22112 22114
22172 22195 22219 22223 22238 22241 22249 22255 22256 22263
22267 22275 22276 22277 22282 22286 22292 22295 22324 22326
22338 22363 22366 22372 22373 22379 22408 22413 22418 22425
22442 22456 22459 22461 22471 22473 22476 22491 22493 22525
22532 22535 22538 22548 22565 22566 22577 22615 22628 22632
22633 22645 22653 22654 22678 22706 22722 22728 22729 22732
22739 22742 22760 22774 22779 22786 22794 22795 22798 22800
22826 22828 22831 22849 22853 22864 22875 22885 22896 22900
22908 22912 22923 22932 22945 22947 22952 22955 22987 22991
23004 23018 23021 23022 23028 23032 23037 23061 23066 23085
23090 23094 23097 23100 23103 23127 23140 23158 23160 23165
23171 23176 23188 23216 23218 23219 23220 23224 23259 23260
23263 23280 23282 23314 23321 23327 23329 23339 23364 23365
23366 23370 23374 23383 23384 23388 23390 23394 23401 23415
23419 23423 23426 23446 23448 23466 23468 23476 23485 23490
23496 23511 23515 23547 23552 23558 23561 23574 23591 23604
23621 23626 23633 23641 23648 23655 23661 23686 23696 23697
23705 23715 23716 23719 23734 23737 23745 23766 23770 23774
23792 23805 23810 23820 23826 23828 23833 23838 23843 23858
23859 23862 23871 23883 23888 23901 23906 23908 23912 23916
23926 23932 23933 23937 23958 23966 23971 23974 23981 23988
23990 23998 24012 24016 24020 24047 24062 24068 24085 24087
24092 24111 24117 24119 24120 24122 24130 24168 24178 24180
24187 24193 24196 24200 24202 24206 24208 24218 24222 24226
24237 24239 24244 24245 24267 24284 24296 24309 24338 24345
24375 24406 24410 24420 24428 24435 24442 24470 24476 24481
24491 24492 24519 24532 24541 24546 24577 24583 24609 24613
24621 24630 24640 24643 24644 24646 24655 24656 24659 24673
24676 24684 24688 24699 24724 24741 24748 24750 24762 24763
24784 24808 24829 24839 24856 24857 24861 24877 24889 24907
24919 24920 24922 24933 24949 24950 24957 24973 24976 25004
25013 25017 25023 25045 25049 25057 25063 25070 25071 25073
25079 25081 25082 25089 25092 25095 25109 25115 25119 25130
25132 25149 25153 25156 25160 25162 25164 25167 25197 25219
25220 25246 25262 25267 25278 25333 25339 25347 25351 25353
25362 25367 25369 25371 25388 25392 25405 25413 25422 25423
25434 25442 25445 25466 25469 25480 25484 25495 25511 25518
25529 25542 25546 25553 25565 25571 25578 25584 25587 25600
25606 25611 25612 25619 25628 25649 25652 25653 25671 25674
25676 25681 25694 25697 25707 25719 25730 25770 25785 25788
25791 25798 25803 25812 25848 25854 25858 25869 25872 25887
25907 25932 25941 25961 25969 25980 26002 26012 26014 26016
26024 26035 26042 26050 26056 26081 26095 26105 26108 26132
26140 26141 26157 26169 26175 26194 26201 26219 26231 26234
26238 26246 26247 26259 26276 26302 26308 26322 26337 26354
26365 26370 26374 26376 26385 26391 26405 26421 26437 26441
26447 26450 26480 26493 26496 26498 26500 26520 26541 26543
26545 26548 26559 26638 26662 26692 26720 26728 26729 26737
26756 26780 26781 26796 26800 26803 26857 26863 26873 26890
26921 26942 26946 26957 26969 26975 26991 27004 27019 27021
27024 27043 27058 27072 27083 27092 27096 27109 27121 27128
27131 27136 27175 27187 27192 27205 27207 27212 27226 27230
27234 27238 27244 27247 27253 27255 27273 27274 27278 27279
27285 27296 27300 27317 27321 27322 27345 27364 27390 27396
27400 27401 27414 27417 27419 27427 27428 27460 27473 27483
27494 27510 27532 27536 27547 27554 27558 27578 27585 27587
27610 27611 27624 27625 27629 27633 27642 27654 27658 27672
27680 27695 27699 27703 27714 27728 27729 27754 27758 27793
27804 27838 27839 27860 27883 27888 27909 27914 27916 27929
27937 27938 27945 27964 27967 27968 27971 27977 27993 27999
28012 28018 28043 28046 28086 28093 28102 28107 28124 28128
28129 28131 28134 28138 28150 28157 28166 28172 28175 28176
28190 28205 28208 28215 28217 28226 28229 28237 28242 28261
28268 28279 28280 28281 28315 28339 28347 28383 28384 28396
28405 28406 28427 28431 28436 28439 28440 28453 28456 28458
28462 28470 28471 28476 28483 28489 28490 28519 28532 28537
28542 28561 28570 28578 28582 28588 28591 28601 28602 28607
28613 28627 28631 28635 28636 28641 28646 28647 28652 28664
28670 28673 28674 28686 28687 28692 28696 28699 28701 28702
28728 28735 28738 28756 28779 28787 28803 28810 28856 28858
28862 28876 28877 28905 28906 28914 28915 28917 28923 28931
28962 28987 28993 28997 29000 29003 29015 29023 29029 29032
29034 29039 29043 29046 29051 29072 29079 29100 29128 29132
29147 29148 29156 29172 29173 29175 29177 29178 29218 29229
29241 29260 29283 29296 29308 29312 29315 29330 29342 29343
29353 29354 29355 29362 29369 29370 29378 29379 29380 29389
29407 29410 29419 29441 29458 29460 29470 29475 29484 29505
29506 29511 29513 29521 29523 29536 29542 29544 29550 29554
29561 29580 29590 29624 29630 29639 29643 29676 29681 29686
29695 29719 29753 29777 29783 29787 29801 29803 29818 29829
29833 29840 29860 29871 29891 29892 29900 29906 29910 29912
29913 29925 29941 29961 29987 29994 30008 30014 30030 30038
30047 30054 30058 30067 30075 30077 30088 30091 30099 30140
30146 30152 30161 30164 30172 30191 30202 30205 30207 30227
30236 30237 30241 30244 30250 30271 30291 30294 30304 30312
30327 30353 30361 30362 30369 30372 30386 30404 30408 30409
30433 30440 30449 30479 30481 30504 30522 30531 30537 30544
30554 30556 30566 30571 30580 30585 30586 30588 30600 30607
30613 30623 30626 30672 30680 30703 30727 30751 30753 30768
30772 30780 30793 30806 30812 30823 30825 30828 30832 30840
30841 30853 30858 30874 30903 30914 30950 30951 30979 30981
30985 30995 31031 31046 31048 31074 31079 31091 31092 31098
31100 31120 31123 31139 31147 31170 31182 31185 31223 31225
31238 31275 31278 31288 31291 31294 31297 31305 31334 31347
31359 31369 31370 31378 31402 31427 31430 31432 31441 31451
31454 31455 31456 31464 31468 31475 31491 31501 31504 31519
31554 31574 31591 31600 31603 31609 31630 31645 31652 31655
31660 31667 31671 31688 31689 31758 31759 31761 31798 31801
31807 31809 31810 31820 31821 31836 31853 31867 31888 31890
31892 31893 31901 31925 31959 31970 31983 31994 32011 32036
32037 32046 32047 32053 32055 32068 32075 32082 32084 32089
32108 32111 32119 32144 32166 32178 32184 32185 32195 32197
32219 32224 32228 32236 32270 32274 32278 32321 32323 32325
32336 32350 32355 32371 32384 32388 32398 32408 32414 32415
32418 32426 32429 32450 32451 32457 32458 32463 32471 32477
32488 32498 32508 32509 32514 32525 32528 32541 32546 32552
32555 32557 32566 32581 32585 32598 32607 32623 32648 32655
32668 32686 32687 32692 32693 32702 32703 32716 32727 32728
32732 32735 32744 32762 32771 32778 32781 32782 32804 32817
32818 32820 32881 32891 32896 32902 32955 32958 32965 32966
32986 32987 32992 32994 33016 33019 33024 33035 33042 33046
33065 33072 33085 33088 33104 33121 33167 33170 33180 33183
33186 33190 33219 33230 33265 33283 33287 33308 33310 33331
33338 33344 33347 33351 33352 33357 33359 33362 33363 33365
33366 33369 33375 33377 33386 33387 33403 33416 33418 33421
33424 33425 33431 33445 33448 33456 33460 33467 33470 33481
33490 33518 33523 33526 33547 33550 33562 33578 33581 33584
33590 33598 33602 33610 33616 33618 33623 33630 33658 33659
33664 33687 33698 33702 33704 33708 33742 33760 33761 33771
33791 33792 33805 33810 33816 33839 33842 33876 33889 33891
33911 33927 33929 33944 33955 33980 34005 34023 34025 34053
34059 34067 34070 34080 34086 34089 34091 34104 34109 34111
34137 34138 34140 34145 34146 34154 34161 34166 34172 34184
34193 34205 34214 34216 34242 34259 34280 34342 34348 34371
34372 34376 34405 34418 34448 34455 34466 34470 34478 34486
34491 34493 34500 34506 34508 34520 34529 34552 34559 34570
34596 34599 34608 34620 34623 34626 34646 34669 34675 34701
34708 34721 34756 34757 34760 34787 34798 34802 34810 34814
34820 34829 34847 34866 34869 34873 34875 34887 34892 34909
34922 34936 34952 34956 34961 34964 34966 34998 35020 35043
35059 35063 35065 35087 35091 35098 35128 35147 35150 35155
35159 35161 35170 35177 35186 35194 35198 35199 35211 35214
35218 35219 35229 35237 35238 35246 35248 35271 35285 35290
35295 35304 35311 35321 35337 35343 35351 35354 35356 35357
35367 35370 35371 35377 35378 35403 35430 35444 35463 35471
35477 35493 35504 35526 35529 35539 35556 35558 35571 35584
35585 35594 35597 35609 35617 35618 35625 35645 35653 35671
35718 35734 35737 35742 35745 35759 35769 35777 35778 35806
35808 35809 35833 35868 35878 35886 35896 35905 35912 35918
35937 35939 35940 35982 35994 35996 36013 36048 36061 36080
36090 36118 36119 36123 36132 36146 36150 36163 36167 36175
36182 36184 36195 36225 36231 36241 36252 36262 36266 36296
36301 36306 36310 36315 36335 36343 36356 36387 36395 36397
36416 36439 36440 36484 36485 36499 36500 36503 36520 36522
36538 36545 36549 36558 36578 36599 36619 36664 36675 36680
36684 36712 36713 36714 36721 36730 36734 36747 36748 36755
36774 36783 36784 36791 36812 36815 36819 36828 36838 36841
36843 36853 36855 36856 36866 36872 36877 36882 36889 36895
36907 36909 36920 36921 36931 36947 36955 36966 36968 36971
36991 37011 37012 37013 37020 37025 37041 37063 37086 37088
37096 37097 37110 37115 37119 37125 37130 37133 37148 37155
37157 37166 37195 37202 37209 37212 37223 37236 37242 37246
37251 37261 37274 37281 37287 37307 37335 37341 37352 37361
37379 37404 37406 37428 37439 37444 37459 37471 37476 37484
37487 37495 37503 37514 37529 37536 37538 37539 37557 37558
37560 37567 37569 37572 37617 37629 37638 37640 37654 37656
37672 37675 37676 37735 37753 37760 37772 37777 37779 37782
37796 37802 37803 37812 37814 37830 37848 37851 37857 37863
37876 37880 37889 37892 37895 37896 37902 37909 37912 37915
37945 37972 37980 37990 37998 38014 38024 38033 38035 38044
38048 38051 38068 38071 38078 38087 38091 38104 38116 38139
38162 38173 38175 38180 38184 38188 38216 38217 38222 38224
38235 38252 38253 38258 38270 38283 38299 38307 38332 38370
38391 38438 38455 38456 38460 38463 38472 38473 38488 38489
38500 38509 38538 38547 38572 38601 38613 38637 38642 38655
38656 38661 38677 38705 38717 38723 38730 38742 38752 38753
38775 38781 38815 38829 38836 38837 38838 38842 38852 38853
38854 38870 38872 38874 38882 38912 38924 38929 38932 38946
38949 38951 38968 38982 38983 38997 39027 39034 39055 39059
39081 39090 39094 39105 39111 39133 39136 39137 39144 39145
39147 39151 39161 39164 39168 39174 39180 39188 39198 39204
39211 39216 39218 39224 39237 39273 39275 39301 39302 39309
39317 39321 39326 39348 39356 39357 39365 39374 39377 39409
39412 39416 39418 39423 39432 39435 39440 39446 39457 39468
39480 39484 39510 39523 39524 39525 39533 39538 39539 39551
39552 39555 39556 39564 39584 39595 39608 39618 39620 39621
39654 39659 39660 39663 39677 39683 39689 39701 39705 39708
39748 39764 39766 39774 39778 39784 39799 39808 39811 39813
39817 39823 39825 39838 39851 39856 39872 39880 39881 39901
39927 39936 39950 39957 39982 39987 39994 40006 40046 40055
40066 40068 40069 40080 40083 40084 40100 40104 40115 40120
40122 40128 40132 40139 40156 40188 40192 40232 40234 40236
40244 40246 40255 40299 40303 40307 40318 40343 40344 40354
40358 40360 40363 40368 40400 40410 40424 40441 40458 40487
40493 40497 40505 40521 40525 40540 40552 40556 40562 40579
40626 40627 40629 40634 40637 40644 40647 40649 40657 40658
40663 40667 40678 40685 40692 40702 40703 40721 40730 40735
40742 40749 40759 40762 40764 40769 40773 40784 40791 40795
40804 40812 40813 40819 40830 40834 40835 40838 40846 40852
40854 40873 40881 40883 40888 40890 40924 40931 40958 40962
40970 40981 40984 40989 40997 41025 41026 41027 41033 41068
41091 41096 41103 41110 41138 41146 41149 41155 41172 41193
41205 41214 41218 41230 41242 41255 41275 41282 41287 41290
41302 41303 41308 41321 41322 41324 41376 41385 41398 41409
41410 41433 41456 41461 41462 41482 41486 41503 41522 41534
41543 41555 41574 41575 41580 41593 41594 41606 41633 41640
41643 41664 41688 41690 41693 41708 41712 41722 41735 41761
41762 41785 41787 41792 41830 41835 41843 41844 41847 41867
41873 41878 41884 41896 41898 41905 41908 41914 41915 41929
41938 41941 41954 41963 41968 41972 41984 41988 41992 42002
42005 42015 42029 42033 42055 42065 42079 42081 42084 42086
42089 42101 42122 42129 42147 42152 42164 42167 42168 42172
42177 42179 42200 42212 42218 42221 42228 42234 42241 42248
42254 42267 42270 42277 42294 42317 42330 42352 42361 42379
42383 42397 42410 42426 42463 42478 42494 42506 42515 42531
42535 42555 42559 42578 42579 42594 42597 42598 42600 42616
42655 42661 42670 42671 42682 42683 42686 42689 42709 42720
42726 42734 42738 42750 42757 42769 42780 42783 42786 42787
42789 42807 42809 42822 42826 42835 42838 42852 42857 42865
42876 42881 42887 42896 42900 42905 42914 42924 42926 42929
42935 42943 42946 42953 42955 42965 42978 43001 43004 43006
43018 43025 43048 43049 43078 43081 43104 43126 43134 43139
43140 43142 43152 43171 43187 43194 43206 43213 43214 43225
43239 43240 43272 43277 43283 43294 43332 43335 43399 43401
43414 43426 43429 43432 43434 43450 43452 43453 43459 43473
43474 43489 43490 43503 43517 43525 43526 43540 43551 43557
43564 43565 43575 43588 43593 43594 43635 43645 43663 43665
43673 43675 43687 43691 43730 43739 43743 43746 43763 43769
43770 43775 43794 43811 43829 43831 43840 43874 43876 43877
43904 43922 43935 43940 43942 43958 43971 43987 43993 43995
43999 44002 44018 44037 44043 44053 44056 44064 44081 44095
44101 44143 44168 44174 44178 44182 44196 44198 44199 44225
44233 44281 44306 44307 44332 44333 44336 44343 44366 44374
44375 44380 44389 44396 44398 44402 44406 44411 44417 44423
44427 44432 44453 44456 44460 44462 44472 44474 44476 44478
44486 44494 44497 44504 44508 44512 44519 44520 44527 44555
44562 44566 44572 44581 44582 44594 44607 44610 44627 44630
44631 44646 44657 44669 44689 44696 44697 44702 44706 44711
44720 44721 44725 44755 44770 44773 44778 44792 44800 44812
44821 44858 44860 44868 44879 44884 44885 44888 44916 44919
44943 44953 44985 45000 45001 45010 45012 45018 45019 45021
45025 45030 45044 45049 45057 45061 45085 45088 45091 45095
45106 45107 45109 45120 45150 45157 45170 45178 45191 45200
45206 45211 45214 45217 45226 45263 45266 45290 45302 45303
45307 45311 45318 45350 45351 45356 45385 45386 45401 45402
45414 45421 45440 45441 45446 45470 45481 45487 45490 45491
45504 45511 45549 45550 45570 45575 45598 45600 45608 45616
45621 45624 45639 45640 45646 45657 45661 45682 45703 45708
45711 45712 45725 45744 45751 45779 45786 45800 45808 45809
45813 45825 45829 45838 45873 45895 45901 45902 45909 45910
45923 45927 45928 45945 45952 45957 45999 46008 46025 46036
46037 46043 46061 46067 46070 46072 46081 46086 46091 46099
46133 46139 46146 46152 46155 46176 46184 46200 46213 46217
46232 46242 46243 46248 46259 46277 46284 46286 46298 46306
46307 46313 46322 46350 46358 46364 46369 46381 46385 46409
46411 46434 46435 46446 46450 46467 46513 46514 46541 46551
46561 46583 46586 46610 46623 46629 46643 46672 46680 46682
46704 46744 46759 46779 46780 46792 46820 46828 46832 46834
46844 46845 46858 46882 46898 46903 46911 46917 46920 46932
46953 46955 46958 46969 46973 46977 46984 47000 47008 47020
47026 47036 47089 47132 47143 47145 47149 47151 47166 47196
47205 47206 47208 47217 47220 47224 47226 47228 47245 47271
47274 47281 47295 47314 47325 47346 47358 47360 47370 47381
47384 47391 47397 47413 47414 47430 47431 47440 47444 47445
47457 47470 47485 47492 47497 47512 47519 47522 47531 47544
47557 47559 47560 47562 47566 47568 47571 47580 47594 47602
47608 47611 47616 47628 47629 47655 47657 47671 47676 47684
47685 47694 47708 47722 47734 47751 47759 47764 47771 47774
47780 47794 47796 47820 47827 47829 47832 47846 47859 47866
47869 47874 47878 47901 47909 47910 47912 47921 47925 47926
47927 47941 47955 47968 47976 47983 47985 47994 47997 48000
48005 48016 48019 48023 48034 48056 48072 48076 48092 48106
48127 48132 48135 48141 48144 48151 48177 48198 48244 48267
48277 48278 48280 48281 48295 48305 48317 48331 48335 48345
48368 48375 48394 48403 48412 48419 48428 48433 48435 48440
48452 48457 48470 48475 48527 48530 48550 48552 48555 48556
48561 48563 48591 48595 48599 48610 48621 48632 48634 48647
48655 48683 48688 48709 48715 48719 48722 48734 48753 48762
48779 48823 48825 48831 48833 48872 48886 48891 48894 48903
48915 48920 48925 48931 48946 48949 48963 48997 48998 49009
49019 49024 49034 49045 49054 49066 49070 49079 49083 49095
49108 49122 49127 49134 49138 49144 49168 49170 49190 49226
49232 49239 49255 49271 49286 49288 49291 49293 49294 49295
49350 49354 49359 49362 49372 49376 49383 49401 49451 49457
49461 49468 49470 49479 49510 49512 49544 49550 49553 49584
49632 49640 49642 49681 49684 49687 49688 49691 49699 49703
49718 49741 49750 49754 49809 49813 49824 49833 49835 49846
49862 49893 49912 49924 49946 49958 49961 49975 49981 49989
50017 50018 50024 50031 50038 50046 50054 50065 50076 50080
50093 50101 50103 50108 50111 50117 50125 50141 50155 50158
50165 50168 50173 50200 50217 50253 50276 50302 50322 50338
50345 50357 50361 50371 50391 50396 50409 50426 50444 50445
50467 50484 50485 50493 50504 50519 50521 50525 50529 50535
50539 50542 50554 50560 50569 50578 50599 50619 50630 50633
50640 50649 50650 50661 50662 50665 50669 50673 50674 50683
50718 50734 50738 50743 50747 50748 50749 50752 50764 50806
50816 50831 50845 50848 50853 50871 50872 50898 50899 50900
50904 50907 50914 50918 50923 50933 50938 50940 50954 50963
50970 50990 51001 51004 51006 51026 51051 51069 51071 51079
51083 51089 51111 51118 51132 51136 51138 51146 51161 51176
51187 51193 51196 51197 51210 51259 51260 51278 51280 51290
51302 51329 51335 51336 51353 51355 51384 51385 51390 51397
51404 51413 51415 51475 51482 51501 51510 51515 51544 51549
51570 51575 51580 51584 51593 51594 51611 51626 51627 51638
51639 51641 51645 51648 51659 51706 51708 51710 51715 51730
51736 51740 51760 51762 51763 51779 51790 51794 51796 51798
51799 51808 51818 51833 51840 51841 51847 51850 51864 51876
51877 51880 51885 51890 51896 51899 51908 51909 51923 51928
51948 51957 51978 51983 51994 52012 52013 52024 52029 52035
52038 52042 52044 52054 52055 52056 52059 52070 52091 52130
52145 52147 52179 52180 52185 52200 52211 52228 52235 52239
52240 52290 52296 52297 52317 52322 52342 52346 52369 52371
52385 52386 52395 52413 52431 52433 52439 52442 52451 52473
52485 52489 52491 52514 52519 52533 52545 52552 52565 52580
52594 52595 52616 52621 52623 52626 52641 52663 52667 52670
52677 52687 52696 52708 52749 52752 52777 52788 52813 52816
52826 52832 52834 52844 52871 52880 52885 52926 52938 52981
52989 52995 53010 53018 53025 53046 53056 53066 53088 53093
53104 53106 53108 53134 53138 53141 53145 53148 53161 53163
53173 53184 53215 53225 53230 53241 53242 53258 53260 53262
53279 53283 53305 53311 53312 53314 53318 53326 53327 53346
53348 53349 53351 53356 53365 53372 53380 53390 53391 53399
53413 53419 53434 53445 53446 53460 53462 53464 53469 53483
53492 53498 53507 53508 53537 53544 53551 53620 53622 53635
53640 53641 53644 53650 53659 53700 53716 53719 53727 53728
53731 53738 53746 53757 53767 53782 53786 53790 53801 53850
53851 53860 53861 53869 53884 53909 53937 53955 53965 53968
53969 53973 53976 53985 53993 54039 54066 54069 54081 54085
54089 54108 54137 54157 54160 54166 54176 54188 54202 54248
54263 54267 54277 54283 54291 54297 54301 54331 54341 54352
54364 54369 54386 54409 54426 54431 54438 54446 54452 54459
54465 54469 54480 54495 54510 54513 54521 54543 54548 54589
54591 54598 54600 54603 54616 54628 54633 54636 54641 54652
54655 54660 54662 54690 54692 54698 54706 54742 54749 54755
54761 54777 54784 54794 54809 54810 54832 54847 54850 54856
54876 54880 54883 54898 54908 54930 54945 54952 54954 54964
54972 54985 55001 55004 55005 55027 55028 55035 55039 55043
55055 55074 55078 55082 55097 55140 55151 55163 55167 55170
55173 55185 55187 55208 55213 55227 55240 55251 55259 55264
55288 55303 55305 55328 55329 55335 55340 55358 55362 55375
55377 55386 55389 55410 55422 55436 55440 55445 55447 55457
55501 55502 55514 55555 55570 55572 55592 55605 55636 55640
55649 55654 55656 55661 55673 55677 55687 55691 55702 55710
55716 55733 55737 55740 55746 55770 55771 55811 55813 55814
55823 55843 55846 55875 55892 55907 55909 55915 55917 55929
55938 55946 55951 55961 55968 55971 55975 55986 55998 56005
56013 56017 56037 56045 56050 56057 56061 56063 56078 56095
56106 56111 56120 56135 56136 56145 56152 56154 56158 56168
56186 56190 56212 56215 56227 56232 56234 56242 56261 56293
56302 56306 56336 56360 56366 56399 56401 56402 56404 56406
56408 56415 56432 56440 56455 56462 56467 56470 56503 56510
56516 56517 56534 56560 56569 56576 56577 56583 56585 56599
56600 56619 56625 56650 56657 56665 56687 56690 56744 56750
56752 56762 56768 56785 56789 56790 56795 56809 56828 56831
56845 56847 56849 56869 56873 56899 56922 56937 56950 56965
57007 57017 57018 57020 57042 57051 57052 57063 57085 57097
57098 57130 57140 57181 57182 57190 57191 57200 57201 57209
57210 57224 57247 57261 57262 57265 57266 57271 57275 57284
57312 57330 57335 57347 57352 57370 57391 57395 57405 57420
57437 57445 57458 57462 57465 57467 57475 57478 57482 57499
57510 57518 57522 57529 57550 57558 57561 57570 57584 57591
57603 57605 57624 57635 57638 57639 57646 57649 57653 57655
57661 57670 57674 57692 57702 57706 57710 57713 57721 57745
57763 57795 57797 57840 57873 57884 57894 57901 57917 57929
57936 57938 57957 57959 57963 57976 57987 58012 58027 58036
58038 58051 58055 58061 58089 58093 58098 58120 58123 58127
58128 58129 58134 58137 58149 58155 58161 58162 58169 58185
58187 58188 58191 58201 58207 58221 58239 58253 58262 58266
58283 58285 58289 58290 58295 58300 58303 58305 58312 58315
58324 58331 58337 58339 58370 58373 58408 58428 58451 58463
58498 58501 58510 58512 58515 58532 58542 58543 58567 58581
58594 58603 58610 58615 58618 58624 58634 58653 58654 58664
58671 58690 58695 58709 58714 58752 58754 58776 58779 58784
58791 58792 58794 58819 58831 58835 58858 58872 58885 58892
58893 58896 58897 58906 58910 58915 58918 58919 58946 58956
58972 58977 58984 58988 58990 59005 59018 59030 59034 59039
59060 59074 59085 59086 59111 59113 59119 59125 59139 59159
59166 59176 59202 59216 59220 59223 59236 59258 59267 59280
59293 59302 59322 59325 59327 59334 59341 59342 59355 59360
59363 59364 59371 59374 59375 59378 59384 59392 59407 59423
59429 59430 59439 59476 59484 59489 59496 59498 59508 59510
59522 59524 59525 59527 59555 59572 59575 59579 59581 59593
59598 59608 59650 59685 59692 59715 59731 59735 59744 59745
59748 59755 59762 59824 59845 59875 59878 59879 59880 59898
59903 59904 59912 59931 59942 59945 59962 59967 59991 59994
60024 60026 60031 60055 60061 60093 60108 60142 60174 60177
60181 60185 60195 60205 60206 60212 60214 60217 60221 60224
60225 60244 60259 60265 60266 60277 60281 60310 60311 60332
60350 60378 60380 60382 60424 60431 60436 60500 60505 60525
60528 60535 60546 60564 60571 60582 60588 60616 60631 60649
60660 60662 60671 60688 60692 60717 60719 60741 60746 60754
60755 60767 60785 60789 60790 60804 60839 60840 60844 60846
60854 60871 60873 60874 60878 60882 60900 60906 60918 60924
60937 60943 60946 60954 60955 60962 60973 61012 61014 61027
61073 61080 61088 61090 61098 61106 61123 61166 61178 61185
61186 61197 61211 61212 61219 61225 61257 61260 61270 61274
61280 61284 61290 61292 61299 61306 61308 61310 61337 61348
61351 61381 61387 61401 61436 61453 61462 61471 61491 61495
61507 61524 61541 61542 61550 61555 61568 61590 61597 61610
61637 61641 61661 61665 61667 61674 61683 61691 61712 61716
61729 61732 61739 61740 61742 61744 61745 61753 61755 61757
61761 61765 61773 61781 61786 61787 61792 61801 61815 61837
61851 61865 61873 61874 61888 61899 61903 61905 61911 61916
61929 61951 61953 61955 61956 61960 61978 61979 61986 61988
61989 61990 61993 62013 62016 62030 62044 62048 62051 62067
62071 62082 62105 62121 62126 62127 62128 62153 62164 62167
62179 62195 62203 62210 62235 62237 62241 62246 62248 62264
62265 62267 62299 62304 62310 62329 62356 62358 62361 62366
62374 62394 62395 62403 62405 62410 62416 62419 62438 62443
62450 62459 62465 62468 62474 62486 62493 62501 62530 62536
62541 62564 62595 62600 62603 62613 62619 62621 62638 62646
62664 62667 62678 62684 62688 62695 62717 62721 62732 62738
62753 62757 62765 62769 62798 62814 62815 62819 62820 62829
62841 62844 62853 62860 62865 62873 62876 62880 62886 62891
62893 62913 62920 62922 62924 62962 62987 62998 63005 63013
63030 63031 63040 63047 63068 63095 63117 63122 63125 63151
63152 63161 63165 63180 63200 63208 63217 63263 63283 63289
63295 63299 63302 63313 63320 63345 63352 63359 63389 63392
63431 63436 63438 63446 63451 63464 63473 63491 63500 63502
63510 63514 63516 63529 63535 63539 63540 63561 63575 63581
63582 63594 63595 63600 63605 63609 63621 63670 63690 63694
63695 63711 63718 63724 63757 63759 63763 63767 63773 63785
63786 63804 63837 63841 63856 63862 63867 63876 63879 63918
63928 63950 63951 64014 64029 64038 64042 64043 64060 64061
64081 64116 64123 64125 64128 64130 64148 64150 64164 64171
64179 64180 64204 64218 64222 64231 64240 64246 64247 64266
64273 64281 64284 64288 64304 64329 64334 64344 64354 64365
64371 64380 64383 64385 64387 64389 64393 64423 64430 64435
64436 64440 64456 64467 64469 64482 64502 64504 64512 64515
64519 64550 64553 64580 64585 64596 64603 64620 64623 64651
64656 64667 64678 64681 64684 64685 64688 64711 64713 64723
64726 64729 64734 64747 64759 64774 64779 64790 64793 64797
64807 64817 64825 64830 64839 64846 64857 64891 64896 64904
64909 64912 64922 64934 64947 64976 64997 65000 65007 65009
65015 65016 65054 65077 65091 65098 65099 65101 65115 65148
65156 65187 65198 65199 65203 65214 65221 65234 65257 65261
65262 65266 65277 65280 65319 65320 65325 65363 65377 65378
65381 65399 65407 65413 65418 65422 65439 65443 65445 65447
65455 65463 65473 65489 65495 65502 65533 65547 65558 65568
65572 65573 65576 65578 65579 65595 65599 65604 65612 65625
65636 65648 65680 65689 65705 65708 65714 65719 65721 65728
65735 65736 65738 65748 65755 65759 65761 65773 65777 65778
65780 65790 65793 65800 65824 65843 65889 65891 65901 65903
65905 65915 65917 65924 65927 65928 65929 65936 65953 65970
65977 65983 65988 65991 65998 66007 66017 66018 66028 66033
66070 66095 66099 66103 66106 66110 66114 66115 66130 66139
66160 66164 66176 66190 66217 66231 66251 66255 66256 66268
66287 66292 66293 66294 66299 66301 66305 66316 66337 66341
66360 66362 66363 66364 66407 66411 66420 66421 66424 66431
66454 66457 66470 66499 66516 66524 66531 66545 66547 66552
66566 66577 66586 66591 66594 66631 66632 66639 66642 66655
66659 66667 66678 66719 66724 66728 66750 66752 66753 66757
66761 66776 66777 66782 66784 66786 66800 66811 66818 66833
66845 66860 66873 66879 66886 66893 66912 66914 66927 66946
66947 66953 66962 66970 66973 66978 66983 66987 66988 66996
66997 67000 67006 67010 67012 67019 67032 67045 67050 67063
67092 67096 67116 67137 67138 67157 67164 67167 67172 67185
67199 67207 67212 67241 67265 67270 67295 67297 67300 67304
67331 67334 67340 67348 67356 67375 67377 67379 67390 67392
67394 67398 67418 67424 67425 67428 67438 67447 67448 67462
67464 67479 67485 67500 67508 67509 67516 67525 67532 67536
67539 67541 67570 67601 67637 67640 67650 67656 67663 67684
67685 67692 67696 67719 67726 67734 67745 67747 67753 67760
67766 67769 67772 67779 67780 67793 67800 67813 67822 67829
67833 67835 67836 67838 67851 67853 67903 67911 67917 67935
67962 67966 68006 68010 68012 68015 68021 68028 68047 68071
68078 68093 68120 68121 68127 68145 68148 68156 68157 68173
68175 68181 68189 68218 68224 68267 68271 68272 68283 68306
68307 68321 68332 68347 68362 68429 68432 68439 68440 68443
68467 68468 68501 68507 68511 68515 68516 68523 68540 68556
68585 68586 68588 68589 68599 68600 68609 68619 68634 68692
68697 68716 68743 68768 68769 68770 68775 68793 68799 68800
68819 68826 68843 68849 68851 68852 68858 68862 68872 68878
68884 68894 68895 68901 68903 68906 68908 68911 68917 68920
68921 68930 68938 68951 68956 68969 68991 69048 69075 69078
69080 69082 69108 69114 69147 69149 69153 69163 69172 69178
69204 69207 69208 69219 69220 69231 69233 69243 69262 69270
69292 69301 69307 69308 69319 69325 69366 69369 69372 69375
69393 69406 69408 69409 69431 69444 69450 69454 69455 69471
69475 69491 69498 69506 69511 69519 69533 69547 69559 69578
69595 69596 69599 69619 69622 69635 69644 69647 69663 69665
69671 69676 69697 69711 69713 69722 69732 69734 69737 69744
69750 69752 69763 69773 69775 69797 69810 69818 69819 69820
69843 69850 69853 69856 69880 69892 69923 69942 69954 69957
69967 69971 69991 69998 70006 70012 70038 70058 70071 70078
70079 70081 70094 70096 70099 70107 70143 70147 70156 70161
70178 70186 70189 70195 70206 70217 70222 70225 70230 70237
70241 70248 70249 70251 70281 70284 70307 70319 70321 70323
70341 70361 70362 70365 70367 70393 70417 70421 70422 70426
70430 70448 70457 70478 70487 70497 70516 70517 70551 70553
70583 70613 70621 70625 70633 70638 70646 70653 70656 70671
70678 70687 70692 70697 70698 70706 70709 70717 70718 70730
70733 70744 70750 70770 70772 70789 70794 70795 70797 70805
70835 70849 70856 70864 70865 70877 70883 70906 70920 70928
70930 70938 70947 70949 70952 70954 70956 70960 70975 70993
70998 70999 71011 71015 71028 71034 71036 71051 71080 71102
71104 71108 71119 71124 71134 71135 71157 71191 71193 71199
71208 71210 71213 71217 71220 71225 71251 71253 71303 71311
71317 71328 71353 71361 71371 71380 71383 71415 71438 71445
71460 71482 71490 71497 71499 71503 71507 71512 71517 71523
71525 71540 71553 71562 71569 71575 71582 71588 71594 71601
71617 71622 71633 71658 71666 71667 71669 71679 71683 71687
71692 71693 71698 71711 71722 71741 71744 71749 71762 71767
71769 71809 71830 71836 71848 71855 71865 71870 71877 71897
71901 71904 71907 71917 71925 71932 71947 71950 71955 71967
71971 71973 71974 71994 71998 72000 72013 72017 72028 72036
72054 72055 72056 72060 72067 72078 72079 72087 72088 72115
72120 72121 72130 72142 72167 72188 72215 72227 72236 72247
72254 72285 72289 72290 72301 72310 72345 72366 72378 72420
72425 72440 72446 72453 72458 72467 72474 72478 72495 72519
72527 72532 72533 72547 72555 72584 72603 72609 72612 72624
72632 72637 72638 72655 72664 72681 72688 72700 72716 72723
72737 72739 72742 72768 72777 72817 72835 72844 72849 72863
72867 72874 72885 72887 72891 72899 72924 72925 72938 72940
72949 72951 72967 72981 72985 72987 72999 73009 73019 73036
73038 73039 73067 73080 73084 73093 73095 73098 73099 73110
73124 73173 73189 73196 73197 73206 73211 73213 73221 73231
73239 73241 73253 73263 73277 73283 73284 73289 73292 73300
73335 73341 73347 73357 73362 73374 73389 73397 73402 73409
73412 73418 73434 73436 73443 73445 73451 73452 73463 73464
73465 73477 73484 73495 73509 73511 73516 73517 73524 73530
73531 73536 73550 73551 73554 73563 73567 73579 73617 73620
73629 73652 73654 73666 73668 73677 73679 73680 73687 73697
73711 73716 73744 73757 73775 73782 73787 73795 73810 73829
73830 73846 73847 73849 73853 73889 73891 73901 73911 73913
73919 73925 73970 73979 73981 73987 73997 74025 74027 74036
74051 74071 74076 74081 74091 74116 74118 74122 74132 74133
74134 74141 74144 74172 74187 74200 74201 74206 74235 74237
74241 74245 74246 74248 74253 74269 74282 74289 74290 74299
74302 74312 74314 74331 74353 74373 74378 74390 74407 74411
74433 74443 74455 74460 74468 74491 74497 74504 74509 74513
74515 74527 74531 74536 74541 74579 74586 74615 74633 74637
74639 74645 74675 74685 74692 74720 74739 74750 74754 74755
74760 74764 74771 74778 74799 74817 74852 74860 74866 74884
74885 74890 74917 74921 74930 74945 74955 74961 74963 74964
75021 75036 75054 75057 75060 75063 75093 75095 75097 75099
75100 75121 75155 75160 75163 75169 75173 75177 75182 75189
75191 75197 75199 75204 75206 75214 75220 75231 75250 75263
75274 75294 75295 75313 75336 75349 75350 75357 75360 75368
75377 75397 75417 75437 75457 75461 75467 75476 75485 75495
75505 75515 75519 75520 75522 75524 75527 75528 75548 75553
75565 75566 75601 75603 75605 75606 75610 75611 75613 75634
75657 75658 75663 75669 75670 75683 75686 75691 75695 75697
75701 75715 75719 75723 75751 75755 75761 75775 75779 75784
75800 75811 75847 75849 75857 75878 75891 75904 75926 75938
75951 75957 75975 75978 75987 75989 75993 75996 75998 76000
76007 76009 76012 76023 76029 76037 76042 76051 76056 76070
76081 76085 76088 76093 76099 76108 76119 76122 76131 76136
76137 76138 76143 76145 76156 76175 76179 76211 76220 76222
76229 76232 76266 76287 76298 76301 76317 76327 76328 76339
76356 76357 76390 76397 76404 76419 76445 76450 76451 76466
76471 76479 76489 76492 76494 76500 76511 76525 76539 76544
76553 76558 76561 76575 76588 76601 76602 76611 76621 76623
76625 76638 76642 76647 76656 76660 76680 76682 76690 76694
76695 76707 76711 76742 76751 76755 76770 76776 76777 76780
76787 76789 76803 76810 76825 76832 76837 76850 76870 76871
76875 76879 76902 76915 76919 76922 76940 76947 76951 76955
76978 76988 76992 77003 77011 77033 77037 77048 77070 77088
77089 77108 77115 77132 77133 77137 77162 77170 77187 77190
77193 77214 77216 77223 77242 77254 77278 77285 77286 77314
77322 77331 77332 77339 77341 77360 77368 77373 77381 77383
77385 77403 77430 77433 77434 77438 77447 77454 77457 77477
77492 77502 77518 77519 77520 77524 77528 77542 77566 77568
77574 77585 77587 77606 77614 77619 77651 77652 77655 77660
77661 77667 77682 77691 77701 77717 77721 77724 77731 77733
77738 77747 77787 77789 77795 77802 77807 77817 77819 77826
77828 77832 77833 77839 77847 77850 77853 77885 77887 77891
77897 77901 77916 77925 77937 77948 77965 77968 77974 78001
78014 78025 78026 78036 78042 78048 78061 78062 78071 78100
78104 78134 78156 78161 78192 78205 78217 78231 78244 78245
78260 78268 78278 78282 78292 78295 78297 78303 78311 78314
78341 78359 78364 78392 78402 78403 78419 78430 78433 78444
78455 78514 78517 78519 78537 78549 78575 78582 78594 78601
78612 78618 78625 78637 78638 78645 78649 78655 78661 78678
78687 78696 78699 78711 78719 78731 78733 78749 78753 78755
78761 78772 78781 78801 78803 78806 78809 78812 78815 78816
78821 78826 78846 78847 78864 78875 78878 78892 78909 78927
78954 78993 78999 79000 79012 79023 79030 79033 79048 79050
79054 79071 79073 79083 79090 79096 79114 79119 79122 79142
79144 79159 79160 79167 79172 79182 79193 79202 79205 79220
79222 79241 79259 79274 79295 79304 79319 79320 79330 79338
79349 79364 79374 79375 79395 79398 79422 79435 79453 79454
79457 79462 79464 79470 79472 79474 79531 79537 79553 79554
79559 79562 79576 79590 79596 79603 79605 79607 79611 79613
79617 79624 79633 79646 79647 79681 79685 79696 79697 79702
79714 79721 79726 79739 79741 79742 79748 79755 79760 79800
79806 79808 79809 79816 79817 79823 79845 79863 79870 79872
79878 79886 79892 79906 79908 79915 79933 79935 79938 79948
79949 79951 79956 79968 79972 79985 79990 80001 80010 80011
80021 80027 80034 80038 80049 80063 80067 80068 80089 80091
80094 80095 80121 80122 80147 80162 80163 80165 80173 80184
80194 80198 80199 80226 80235 80236 80250 80259 80269 80307
80312 80315 80319 80321 80325 80359 80362 80367 80373 80387
80389 80405 80407 80413 80421 80422 80427 80429 80450 80453
80459 80462 80465 80474 80480 80485 80511 80513 80520 80521
80527 80543 80548 80561 80585 80586 80588 80599 80600 80604
80609 80616 80618 80621 80628 80652 80679 80693 80697 80701
80703 80708 80724 80725 80744 80747 80777 80783 80805 80806
80815 80820 80829 80832 80836 80857 80874 80892 80893 80894
80897 80924 80928 80933 80936 80938 80947 80974 80979 80982
80995 81005 81016 81023 81024 81047 81056 81090 81100 81108
81109 81110 81111 81118 81123 81127 81149 81170 81172 81196
81200 81206 81212 81214 81216 81217 81222 81232 81255 81256
81283 81304 81314 81317 81331 81369 81373 81375 81378 81386
81399 81401 81411 81419 81453 81466 81480 81491 81498 81522
81533 81535 81549 81550 81558 81564 81567 81578 81581 81586
81594 81617 81619 81621 81622 81654 81655 81658 81690 81692
81711 81713 81716 81720 81723 81731 81755 81766 81781 81783
81792 81794 81795 81814 81816 81820 81842 81851 81853 81857
81873 81876 81882 81905 81906 81912 81921 81924 81937 81938
81939 81947 81950 81962 81963 81990 82007 82023 82029 82036
82042 82052 82064 82072 82074 82082 82084 82088 82093 82112
82120 82138 82146 82156 82157 82167 82175 82179 82181 82198
82213 82220 82239 82253 82267 82275 82281 82282 82288 82292
82303 82345 82354 82363 82388 82389 82391 82394 82397 82414
82421 82423 82426 82438 82456 82468 82472 82483 82487 82501
82512 82528 82530 82533 82542 82543 82544 82551 82555 82569
82577 82579 82595 82600 82606 82609 82643 82653 82667 82712
82716 82729 82737 82751 82759 82764 82771 82786 82789 82799
82802 82808 82815 82822 82843 82851 82855 82876 82880 82921
82926 82931 82932 82937 82944 82946 82953 82958 82959 82965
82981 82984 82990 83024 83036 83041 83045 83066 83075 83100
83101 83110 83114 83119 83120 83127 83130 83143 83156 83170
83174 83178 83192 83208 83210 83228 83229 83233 83239 83254
83262 83268 83275 83278 83281 83289 83296 83300 83323 83331
83344 83345 83349 83363 83369 83385 83414 83418 83423 83430
83435 83451 83461 83479 83481 83485 83486 83492 83511 83520
83529 83531 83551 83557 83559 83571 83600 83604 83621 83627
83631 83633 83649 83680 83691 83696 83718 83724 83729 83730
83734 83735 83743 83750 83777 83782 83797 83799 83804 83805
83853 83858 83865 83874 83885 83886 83890 83893 83903 83921
83941 83948 83959 83965 83966 83976 83978 83979 83982 83991
83994 84006 84018 84028 84032 84046 84048 84056 84065 84074
84075 84082 84097 84099 84102 84106 84118 84144 84181 84185
84187 84189 84196 84201 84232 84251 84257 84260 84269 84270
84276 84281 84290 84317 84322 84327 84328 84341 84342 84343
84348 84357 84366 84371 84377 84387 84409 84433 84442 84447
84459 84461 84470 84483 84493 84496 84500 84506 84510 84518
84528 84535 84548 84552 84565 84566 84570 84578 84593 84598
84607 84608 84626 84644 84646 84683 84693 84697 84707 84711
84721 84728 84741 84754 84755 84762 84766 84772 84786 84793
84803 84825 84832 84837 84846 84867 84868 84877 84884 84894
84901 84911 84917 84921 84925 84934 84935 84941 84958 84977
84978 85001 85002 85028 85031 85032 85047 85048 85051 85054
85062 85064 85066 85084 85098 85118 85125 85139 85150 85154
85183 85190 85221 85232 85234 85256 85258 85260 85266 85267
85272 85290 85297 85316 85333 85349 85364 85390 85392 85393
85410 85419 85434 85438 85445 85456 85472 85474 85480 85481
85486 85489 85492 85493 85495 85510 85514 85542 85575 85594
85598 85611 85613 85624 85626 85634 85652 85653 85657 85661
85674 85677 85678 85679 85684 85695 85700 85711 85718 85720
85721 85726 85727 85748 85758 85760 85767 85769 85770 85773
85776 85781 85785 85807 85814 85853 85862 85865 85875 85877
85904 85918 85925 85931 85938 85948 85954 85955 85967 85976
85995 85999 86003 86010 86013 86018 86026 86028 86033 86045
86053 86067 86076 86080 86093 86105 86123 86126 86150 86152
86156 86165 86175 86178 86183 86186 86190 86201 86225 86242
86243 86276 86281 86298 86314 86323 86330 86334 86341 86342
86367 86381 86400 86427 86434 86442 86444 86445 86446 86462
86474 86476 86483 86486 86488 86517 86520 86529 86538 86561
86569 86591 86610 86628 86649 86668 86675 86691 86747 86752
86767 86768 86772 86784 86805 86807 86851 86891 86918 86919
86932 86936 86946 86976 87017 87026 87035 87038 87052 87062
87064 87109 87112 87114 87125 87126 87135 87164 87168 87169
87173 87176 87182 87184 87189 87192 87197 87208 87215 87221
87260 87283 87290 87295 87299 87302 87318 87327 87330 87341
87344 87347 87369 87376 87427 87439 87441 87444 87446 87449
87464 87465 87469 87485 87506 87507 87522 87531 87532 87533
87537 87540 87548 87565 87589 87599 87603 87605 87608 87617
87622 87645 87656 87661 87674 87683 87684 87699 87701 87702
87706 87712 87714 87721 87726 87727 87744 87746 87747 87749
87760 87785 87788 87799 87817 87829 87843 87847 87854 87864
87875 87879 87884 87886 87891 87892 87893 87902 87907 87916
87933 87945 87946 87949 87957 87981 87984 87987 87988 88000
88015 88031 88042 88056 88075 88085 88095 88120 88144 88145
88152 88168 88171 88172 88176 88190 88202 88216 88222 88227
88238 88241 88246 88249 88252 88255 88266 88278 88287 88300
88321 88330 88340 88357 88368 88369 88392 88400 88402 88412
88428 88430 88441 88455 88460 88461 88477 88488 88503 88505
88522 88527 88542 88562 88566 88581 88594 88597 88600 88618
88630 88647 88649 88667 88668 88671 88678 88684 88720 88723
88726 88735 88799 88804 88812 88816 88825 88827 88836 88837
88844 88845 88854 88864 88893 88925 88927 88933 88956 88986
88996 89005 89021 89024 89029 89032 89039 89045 89052 89056
89063 89093 89103 89115 89127 89144 89148 89156 89162 89179
89180 89194 89235 89240 89248 89263 89271 89272 89281 89288
89289 89295 89302 89310 89323 89342 89343 89347 89355 89371
89375 89377 89414 89423 89453 89455 89469 89479 89485 89495
89509 89510 89513 89517 89530 89531 89541 89549 89552 89557
89566 89574 89581 89589 89596 89624 89625 89636 89644 89668
89691 89701 89706 89711 89719 89727 89728 89736 89744 89749
89750 89751 89765 89785 89794 89799 89822 89824 89835 89848
89852 89861 89879 89897 89911 89917 89920 89928 89931 89932
89939 89944 89946 89961 89968 89969 89974 89979 89988 89991
89999 90009 90012 90019 90033 90082 90098 90100 90138 90139
90145 90163 90196 90215 90249 90269 90286 90301 90314 90315
90341 90342 90351 90375 90388 90422 90449 90453 90455 90465
90476 90507 90510 90525 90528 90543 90545 90562 90594 90595
90600 90615 90620 90637 90653 90656 90664 90688 90696 90730
90734 90746 90767 90804 90806 90816 90817 90861 90864 90866
90881 90885 90898 90900 90901 90905 90923 90937 90945 90961
90973 90979 90987 90989 90997 90999 91007 91024 91032 91048
91069 91079 91086 91091 91103 91115 91120 91121 91144 91167
91174 91182 91186 91191 91201 91202 91214 91215 91262 91305
91306 91327 91332 91333 91335 91341 91351 91356 91362 91368
91387 91388 91402 91416 91424 91452 91459 91476 91517 91530
91534 91560 91575 91586 91595 91614 91619 91632 91634 91644
91663 91714 91746 91748 91753 91755 91775 91779 91783 91789
91804 91806 91811 91815 91832 91845 91850 91856 91859 91873
91883 91894 91910 91917 91923 91945 91948 91955 91962 91974
91975 91979 91981 91989 91992 91996 92008 92009 92034 92038
92040 92048 92050 92051 92060 92062 92074 92083 92092 92115
92117 92126 92128 92150 92162 92167 92171 92177 92179 92187
92188 92194 92214 92218 92219 92237 92238 92255 92269 92271
92273 92276 92284 92285 92288 92291 92293 92297 92298 92309
92315 92316 92331 92338 92364 92382 92388 92408 92410 92412
92414 92418 92450 92454 92460 92470 92475 92476 92477 92482
92485 92487 92493 92495 92502 92512 92515 92527 92528 92529
92542 92550 92552 92565 92588 92602 92603 92627 92631 92654
92662 92664 92672 92711 92713 92730 92744 92748 92754 92772
92788 92826 92863 92864 92874 92875 92876 92882 92889 92894
92897 92901 92907 92912 92920 92929 92935 92937 92959 92960
92964 92971 92981 92985 93006 93013 93021 93030 93036 93044
93046 93063 93065 93078 93081 93088 93094 93101 93114 93140
93141 93142 93149 93150 93158 93173 93175 93179 93181 93182
93193 93196 93197 93203 93207 93221 93242 93249 93266 93272
93308 93354 93363 93377 93382 93386 93389 93398 93402 93403
93410 93428 93433 93466 93488 93513 93514 93522 93539 93546
93566 93575 93586 93592 93595 93606 93612 93620 93623 93624
93628 93631 93664 93686 93703 93718 93746 93754 93775 93787
93788 93789 93799 93816 93822 93835 93836 93840 93844 93847
93864 93867 93873 93884 93897 93902 93911 93931 93932 93939
93944 93949 93953 93954 93956 93961 93976 93977 93986 93988
93992 94006 94010 94013 94014 94019 94022 94027 94035 94098
94101 94102 94108 94128 94134 94151 94166 94174 94195 94213
94229 94242 94263 94294 94296 94309 94316 94317 94335 94340
94360 94382 94390 94393 94396 94403 94427 94435 94446 94451
94453 94454 94457 94462 94470 94498 94499 94524 94536 94556
94563 94571 94590 94591 94599 94614 94632 94636 94648 94652
94654 94658 94667 94674 94675 94680 94694 94711 94724 94732
94754 94761 94768 94774 94776 94782 94783 94798 94802 94806
94811 94863 94874 94876 94877 94909 94916 94924 94929 94931
94935 94939 94947 94962 94980 94987 94989 94990 94994 94998
95024 95037 95052 95086 95087 95090 95100 95110 95111 95113
95116 95128 95210 95231 95240 95243 95244 95253 95254 95267
95269 95276 95277 95300 95313 95324 95326 95332 95334 95354
95356 95378 95381 95382 95400 95403 95414 95415 95420 95423
95450 95482 95486 95493 95500 95518 95525 95536 95540 95547
95549 95575 95576 95589 95606 95612 95615 95623 95628 95631
95632 95639 95644 95666 95676 95692 95700 95711 95716 95723
95731 95735 95736 95745 95753 95782 95802 95804 95807 95824
95836 95856 95861 95881 95886 95891 95898 95899 95902 95903
95937 95940 95944 95969 95973 95979 95986 95989 96002 96005
96012 96033 96045 96059 96068 96071 96073 96085 96133 96134
96150 96165 96167 96170 96186 96205 96210 96212 96213 96225
96226 96227 96268 96286 96291 96300 96318 96324 96343 96363
96375 96386 96399 96400 96409 96416 96418 96456 96460 96463
96464 96485 96511 96534 96544 96545 96571 96578 96586 96600
96606 96610 96612 96631 96638 96640 96645 96659 96671 96675
96677 96685 96709 96711 96712 96714 96727 96730 96735 96751
96756 96757 96788 96791 96794 96803 96818 96828 96829 96834
96840 96841 96843 96851 96852 96855 96859 96861 96865 96869
96883 96887 96897 96901 96902 96909 96921 96924 96930 96949
96952 96964 96973 96993 96999 97005 97008 97014 97022 97024
97025 97036 97068 97086 97109 97110 97114 97118 97120 97135
97145 97159 97176 97187 97192 97198 97201 97206 97207 97223
97232 97247 97277 97278 97280 97292 97295 97323 97357 97363
97370 97375 97377 97397 97411 97420 97438 97447 97461 97469
97487 97489 97492 97494 97505 97537 97541 97543 97551 97552
97556 97569 97583 97587 97597 97623 97629 97647 97651 97652
97670 97674 97675 97686 97704 97716 97720 97721 97729 97758
97765 97769 97782 97796 97797 97853 97857 97897 97905 97925
97960 97964 97967 97985 97994 97995 97999 98003 98006 98098
98100 98132 98149 98188 98194 98195 98196 98200 98202 98221
98229 98230 98242 98244 98258 98261 98262 98280 98283 98293
98301 98326 98330 98336 98341 98381 98397 98409 98410 98411
98415 98428 98429 98452 98453 98461 98463 98485 98486 98503
98504 98510 98527 98535 98540 98552 98555 98558 98559 98573
98581 98588 98591 98597 98598 98605 98627 98638 98649 98660
98667 98673 98708 98740 98749 98750 98763 98776 98782 98787
98788 98795 98810 98816 98846 98857 98861 98865 98874 98881
98891 98913 98936 98941 98943 98955 98957 98959 98980 98984
98986 98993 98997 99016 99035 99049 99056 99058 99071 99074
99088 99094 99100 99110 99114 99118 99119 99122 99125 99127
99129 99138 99157 99186 99192 99205 99207 99210 99234 99252
99253 99255 99269 99276 99287 99290 99301 99304 99323 99330
99341 99347 99352 99354 99360 99364 99365 99375 99414 99435
99438 99447 99451 99455 99456 99464 99474 99475 99488 99489
99504 99532 99535 99558 99561 99562 99578 99590 99595 99602
99604 99605 99614 99656 99663 99665 99666 99681 99684 99689
99707 99714 99718 99729 99733 99760 99771 99775 99780 99784
99808 99815 99822 99846 99847 99863 99867 99871 99885 99910
99912 99915 99937 99944 99945 99960 99968 99969 99971 99982
