1000
4536 8941 4856 6551 2532 1555 9067 8551 360 1500
1831 4706 8779 4661 7244 6771 9613 6222 3725 159
2451 6011 6651 6024 4809 6148 4488 4853 2467 873
3576 2564 4280 5092 8549 8177 3783 228 2817 8534
7749 2218 6939 9305 5277 5921 4032 4234 1054 349
866 7071 1116 912 7008 1170 3008 9644 8150 8741
1132 2922 40 9364 4990 5208 9508 5083 4371 4892
2737 310 422 4534 8796 5905 231 4489 2898 5841
664 4094 7393 3962 3425 4104 5693 4943 9833 5509
9418 9371 696 1805 6949 2360 4762 4710 5148 9776
3255 2457 9009 9455 6607 7897 8851 49 7180 4973
2290 1290 9387 4097 4017 7206 6347 6023 7948 4439
5306 1215 3908 8354 4152 2108 871 4949 3184 5596
7234 5043 1187 6527 7158 5732 9082 7534 124 8670
425 652 8205 6834 1087 9146 5456 8059 164 7694
1031 1417 6002 7809 6157 4589 5624 1371 7735 3995
8651 6275 7679 7468 8752 8011 9084 2401 9912 7559
6880 9662 5304 446 1348 3269 80 9520 5010 1077
3870 9808 8083 4410 6318 8145 250 4471 4732 5738
9317 3151 2942 4279 3264 2047 9316 7894 6553 9478
43 8978 8016 4035 9155 4363 3931 3024 8142 9079
6427 179 8228 5030 31 3323 8902 634 3754 368
441 8182 1484 7230 876 3484 4301 8787 8163 3318
6673 3303 1833 8659 9531 1765 2168 5222 2972 867
5344 5556 8437 8111 7915 844 1042 8359 1889 3608
9828 1656 5266 7085 4328 1334 6368 1735 4964 5334
4521 6274 4030 4734 6032 4288 1977 2233 3503 3716
689 8573 3099 4434 6154 7912 8737 5322 7591 7901
6804 7859 9393 6248 2819 7547 3775 7519 4946 9421
8739 7305 6899 473 552 7672 2574 6533 6459 9145
2346 2257 8478 2456 1414 2396 1251 8920 4255 2192
2391 5054 4390 775 8612 1822 1110 6445 113 3244
1668 1952 3455 4281 4796 98 5629 396 4656 1974
3381 3973 9969 1007 7017 327 2056 7132 791 5827
3020 7595 6192 9216 1416 7645 8233 9404 6239 2236
3342 2358 5474 7021 5608 2561 4721 5759 7457 2843
6398 619 3542 3418 623 7552 9106 5946 3212 3311
386 8302 9682 2936 27 8529 4937 3158 6898 6721
4424 9964 5510 3447 9961 2641 5220 9058 3363 3097
9668 3501 7381 8997 3958 400 887 1344 7930 3221
3785 2032 5911 8789 5310 2420 2062 5497 8942 6119
2821 3213 3734 5274 6015 4830 22 6742 3140 8333
7698 8410 2363 8704 6356 5682 1849 4118 6754 5913
7904 7141 1596 6046 942 5545 6857 2276 4571 890
799 6269 4600 3648 9003 7799 8413 4387 4887 6028
1874 2482 7640 7217 9950 9220 4929 3570 2676 5033
3316 5786 9994 8154 6690 8264 4029 9998 704 2667
3504 9253 6685 7478 1542 3122 2295 6925 6233 375
1310 4037 225 6321 2917 2994 6712 2863 4969 8013
5117 6856 4396 3387 4433 1717 2638 1493 1070 3665
7268 2231 3202 3242 3650 5578 9509 987 7060 9767
9179 6418 2250 4889 4498 3506 4482 3136 7238 3814
2683 6792 6615 996 8601 9231 8026 1877 7384 1200
7301 500 5080 1720 6439 7568 8887 1554 3816 2754
2825 9143 5187 6151 9642 4432 3927 1505 6053 1234
7877 1365 2686 388 6409 3116 2889 5968 6463 3338
7102 7743 1510 127 1066 1208 2471 7942 7076 6661
2437 4418 9696 2596 9547 3971 6143 2357 2633 3049
8611 903 1094 9598 1708 2115 7644 3659 4274 162
2691 2474 221 12 8686 141 8522 3692 2828 3007
2631 6570 9147 2155 9427 2752 7957 6153 8432 1300
4335 1194 983 86 6034 9565 3797 6502 3505 4667
205 9440 1449 5657 7154 9983 6836 236 7117 4268
8344 7849 6612 7042 7596 2967 932 2685 6545 6481
2800 2725 1199 3081 3778 7275 3034 5810 4636 8904
3914 1694 216 5540 1142 3474 4341 3767 700 6061
383 1597 7516 7303 8635 7438 3295 3753 5485 6261
7725 7760 5761 2887 336 5557 6340 717 9127 3547
901 6694 3719 2589 1091 9205 9255 558 5653 7909
9069 2955 5312 5915 9166 7395 7050 8692 5199 7924
7692 7129 9773 5028 419 5714 943 5162 2891 3911
743 3109 2310 3357 7319 5458 9193 8786 410 9477
6734 4276 8552 6067 4503 252 524 2795 9822 7932
8738 3371 1130 7721 6009 4774 1418 9543 8421 204
9462 3820 3183 7472 2566 465 3960 6317 1714 3978
4818 6250 3733 4385 4082 2630 6529 9276 5427 4559
548 4069 6268 24 3445 1587 4263 9972 2751 2886
7336 355 5638 146 756 483 6918 8509 7635 760
2146 5726 9460 8923 2128 3052 4227 186 3389 3159
6736 2327 8269 9465 8032 3909 26 1514 9879 5511
4397 8297 8869 3322 1828 1808 1284 4110 5957 9226
3883 2679 2816 5421 3330 8196 6162 5479 2866 8740
2330 1407 8912 6205 3181 7772 6309 4250 4895 2924
7927 6770 9015 309 5713 8514 8450 8377 8792 4068
2383 4278 5347 5042 1795 4544 6035 7839 4625 3186
4072 2309 4859 2757 274 3935 785 5339 7247 63
9592 478 2409 2905 241 2990 2668 5603 3037 9761
5138 2254 6063 8955 1461 8960 7208 529 1925 9359
3144 9711 1912 2824 5327 7826 4871 6850 1332 9433
828 4688 1865 1209 1118 9426 2899 3594 860 4844
227 2950 9353 3171 5468 2217 4010 1565 2595 7583
1496 7281 7852 3095 9945 7467 8492 3579 9802 926
7984 8426 6693 8491 1324 9453 3982 3236 7448 4702
2030 2634 3231 9275 7486 1950 429 9590 8357 5171
2175 4490 4491 8932 3382 6985 4575 2385 9913 211
1741 1055 6276 4731 5100 1893 7702 979 8157 4448
9937 7389 4901 651 157 8174 1762 2017 3640 1873
7124 1623 9392 8519 1210 9319 9513 7573 7440 5424
2694 6453 2154 4979 4126 2658 3119 249 2556 5372
2315 4314 1737 8293 4668 2241 5941 9340 8672 1379
