1000
12 22 24 26 27 31 40 43 49 63
80 86 98 113 124 127 141 146 157 159
162 164 179 186 204 205 211 216 221 225
227 228 231 236 241 249 250 252 274 309
310 327 336 349 355 360 368 375 383 386
388 396 400 410 419 422 425 429 441 446
465 473 478 483 500 524 529 548 552 558
619 623 634 651 652 664 689 696 700 704
717 743 756 760 775 785 791 799 828 844
860 866 867 871 873 876 887 890 901 903
912 926 932 942 943 979 983 987 996 1007
1031 1042 1054 1055 1066 1070 1077 1087 1091 1094
1110 1116 1118 1130 1132 1142 1170 1187 1194 1199
1200 1208 1209 1210 1215 1234 1251 1284 1290 1300
1310 1324 1332 1334 1344 1348 1365 1371 1379 1407
1414 1416 1417 1418 1449 1461 1484 1493 1496 1500
1505 1510 1514 1542 1554 1555 1565 1587 1596 1597
1623 1656 1668 1694 1708 1714 1717 1720 1735 1737
1741 1762 1765 1795 1805 1808 1822 1828 1831 1833
1849 1865 1873 1874 1877 1889 1893 1912 1925 1950
1952 1974 1977 2017 2030 2032 2047 2056 2062 2108
2115 2128 2146 2154 2155 2168 2175 2192 2217 2218
2231 2233 2236 2241 2250 2254 2257 2276 2290 2295
2309 2310 2315 2327 2330 2346 2357 2358 2360 2363
2383 2385 2391 2396 2401 2409 2420 2437 2451 2456
2457 2467 2471 2474 2482 2532 2556 2561 2564 2566
2574 2589 2595 2596 2630 2631 2633 2634 2638 2641
2658 2667 2668 2676 2679 2683 2685 2686 2691 2694
2725 2737 2751 2752 2754 2757 2795 2800 2816 2817
2819 2821 2824 2825 2828 2843 2863 2866 2886 2887
2889 2891 2898 2899 2905 2917 2922 2924 2936 2942
2950 2955 2967 2972 2990 2994 3007 3008 3020 3024
3034 3037 3049 3052 3081 3095 3097 3099 3109 3116
3119 3122 3136 3140 3144 3151 3158 3159 3171 3181
3183 3184 3186 3202 3212 3213 3221 3231 3236 3242
3244 3255 3264 3269 3295 3303 3311 3316 3318 3322
3323 3330 3338 3342 3357 3363 3371 3381 3382 3387
3389 3418 3425 3445 3447 3455 3474 3484 3501 3503
3504 3505 3506 3542 3547 3570 3576 3579 3594 3608
3640 3648 3650 3659 3665 3692 3716 3719 3725 3733
3734 3753 3754 3767 3775 3778 3783 3785 3797 3814
3816 3820 3870 3883 3908 3909 3911 3914 3927 3931
3935 3958 3960 3962 3971 3973 3978 3982 3995 4010
4017 4029 4030 4032 4035 4037 4068 4069 4072 4082
4094 4097 4104 4110 4118 4126 4152 4227 4234 4250
4255 4263 4268 4274 4276 4278 4279 4280 4281 4288
4301 4314 4328 4335 4341 4363 4371 4385 4387 4390
4396 4397 4410 4418 4424 4432 4433 4434 4439 4448
4471 4482 4488 4489 4490 4491 4498 4503 4521 4534
4536 4544 4559 4571 4575 4589 4600 4625 4636 4656
4661 4667 4668 4688 4702 4706 4710 4721 4731 4732
4734 4762 4774 4796 4809 4818 4830 4844 4853 4856
4859 4871 4887 4889 4892 4895 4901 4929 4937 4943
4946 4949 4964 4969 4973 4979 4990 5010 5028 5030
5033 5042 5043 5054 5080 5083 5092 5100 5117 5138
5148 5162 5171 5187 5199 5208 5220 5222 5266 5274
5277 5304 5306 5310 5312 5322 5327 5334 5339 5344
5347 5372 5421 5424 5427 5456 5458 5468 5474 5479
5485 5497 5509 5510 5511 5540 5545 5556 5557 5578
5596 5603 5608 5624 5629 5638 5653 5657 5682 5693
5713 5714 5726 5732 5738 5759 5761 5786 5810 5827
5841 5905 5911 5913 5915 5921 5941 5946 5957 5968
6002 6009 6011 6015 6023 6024 6028 6032 6034 6035
6046 6053 6061 6063 6067 6119 6143 6148 6151 6153
6154 6157 6162 6192 6205 6222 6233 6239 6248 6250
6261 6268 6269 6274 6275 6276 6309 6317 6318 6321
6340 6347 6356 6368 6398 6409 6418 6427 6439 6445
6453 6459 6463 6481 6502 6527 6529 6533 6545 6551
6553 6570 6607 6612 6615 6651 6661 6673 6685 6690
6693 6694 6712 6721 6734 6736 6742 6754 6770 6771
6792 6804 6834 6836 6850 6856 6857 6880 6898 6899
6918 6925 6939 6949 6985 7008 7017 7021 7042 7050
7060 7071 7076 7085 7102 7117 7124 7129 7132 7141
7154 7158 7180 7206 7208 7217 7230 7234 7238 7244
7247 7268 7275 7281 7301 7303 7305 7319 7336 7381
7384 7389 7393 7395 7438 7440 7448 7457 7467 7468
7472 7478 7486 7516 7519 7534 7547 7552 7559 7568
7573 7583 7591 7595 7596 7635 7640 7644 7645 7672
7679 7692 7694 7698 7702 7721 7725 7735 7743 7749
7760 7772 7799 7809 7826 7839 7849 7852 7859 7877
7894 7897 7901 7904 7909 7912 7915 7924 7927 7930
7932 7942 7948 7957 7984 8011 8013 8016 8026 8032
8059 8083 8111 8142 8145 8150 8154 8157 8163 8174
8177 8182 8196 8205 8228 8233 8264 8269 8293 8297
8302 8333 8344 8354 8357 8359 8377 8410 8413 8421
8426 8432 8437 8450 8478 8491 8492 8509 8514 8519
8522 8529 8534 8549 8551 8552 8573 8601 8611 8612
8635 8651 8659 8670 8672 8686 8692 8704 8737 8738
8739 8740 8741 8752 8779 8786 8787 8789 8792 8796
8851 8869 8887 8902 8904 8912 8920 8923 8932 8941
8942 8955 8960 8978 8997 9003 9009 9015 9058 9067
9069 9079 9082 9084 9106 9127 9143 9145 9146 9147
9155 9166 9179 9193 9205 9216 9220 9226 9231 9253
9255 9275 9276 9305 9316 9317 9319 9340 9353 9359
9364 9371 9387 9392 9393 9404 9418 9421 9426 9427
9433 9440 9453 9455 9460 9462 9465 9477 9478 9508
9509 9513 9520 9531 9543 9547 9565 9590 9592 9598
9613 9642 9644 9662 9668 9682 9696 9711 9761 9767
9773 9776 9802 9808 9822 9828 9833 9879 9912 9913
9937 9945 9950 9961 9964 9969 9972 9983 9994 9998
