10000
8449 66103 66363 63879 5966 24907 94174 21026 40066 209
10926 65604 55915 83734 71901 15481 30680 49584 97176 55961
9852 51864 64550 84366 9345 21006 81206 8632 89371 24546
19416 21902 79741 95753 42661 46284 10308 85853 23655 82472
62264 24168 11192 64383 13554 8647 22912 75957 72060 26520
26447 90163 78687 67760 65778 93433 32896 52042 55167 1844
39365 54160 80892 73697 63040 3002 26050 26108 26946 99129
58038 33331 91368 83730 88488 11134 23260 21389 78733 61166
77477 213 87843 20568 49294 76266 39435 3929 37980 42200
8272 61106 70248 44985 36889 81950 79457 9710 47132 154
48903 91923 25707 6129 46958 85674 97556 98293 77747 42900
75697 70998 30522 10435 51762 6601 40084 65928 37088 84528
94134 79951 76602 21558 14745 65257 15592 75177 14127 66639
81658 56440 58207 82426 42379 19136 66962 62241 48647 48141
55055 28226 39446 57884 29100 52621 61955 25848 37629 82213
78433 7266 2130 93078 12054 35905 91948 50155 29900 35671
93884 97569 18261 20785 99558 28570 37560 83156 34814 33019
5365 57605 44333 33357 66070 27092 99127 41762 44476 31890
95128 80362 14911 79012 34086 31359 70417 41761 54641 81857
75163 71666 60195 55771 70225 46435 37133 21213 51880 17840
60662 87444 70006 92565 88145 32966 40890 69325 3680 83228
41025 19910 78444 17107 60767 29719 48005 53314 9267 89979
43139 99157 81255 78661 33602 37514 33088 76825 11507 58671
99330 16551 41302 70835 67637 77162 32732 23958 79030 50024
74852 39034 68028 53260 29787 94213 32350 29241 90885 72863
85653 3481 22779 25791 76211 93844 87949 53728 10645 99969
48634 28578 43001 17839 79142 38033 45012 78719 19207 64436
28519 65780 47912 26662 26781 81419 9950 34104 56063 94195
4647 11653 95110 53141 45057 68588 44081 34348 26728 4795
93624 10592 32228 74282 27238 45549 50467 40984 45640 55843
44374 57445 63502 68218 41690 67509 24861 85150 92273 70706
97964 62564 90999 36684 99290 29550 5929 5616 13782 64042
8121 64774 17339 86178 45021 66761 98006 30353 3826 63670
55946 84461 64596 19319 30853 83979 23883 1595 46844 5350
92414 35356 67050 89799 3078 9590 49451 53419 85064 16837
23127 29218 58581 49286 15053 16162 88455 97492 62235 32702
68769 16761 76947 86784 11857 4923 2561 60185 56922 18893
67394 46780 11365 17677 44778 49034 86076 72013 73629 78402
84196 87988 90196 88255 96855 39510 67800 21488 38456 16224
26105 1184 23158 25130 66728 27793 67772 3074 77037 42081
79816 35809 99364 36734 36150 51779 61310 72142 22654 16139
91214 7565 49291 1568 9286 94590 71353 27914 15960 99729
82759 2788 29871 13389 70960 40363 18 39748 78637 18668
26890 59034 13911 99822 39457 39055 77341 58956 25495 76642
16177 29175 23401 51259 9968 42555 90989 45928 38775 44572
64266 83192 21172 76955 58127 14880 99269 17736 95378 18947
40962 90615 5109 29039 61667 13503 80585 35199 83921 97086
24684 37130 79721 17794 67684 16188 83100 987 34145 31761
80226 38035 27021 33377 16896 28172 54513 67541 99689 37097
50539 74122 66996 97206 51763 14085 28858 47220 68586 77519
49688 56145 57130 62757 14425 38216 9350 71877 85445 17821
48734 27672 1256 39111 91595 84578 18303 78071 14429 95937
65445 27187 43490 39817 1307 41462 75360 7419 95986 64387
79956 99605 80604 53311 84048 85028 89194 91634 89861 18722
61745 45446 5151 69475 76007 44508 35194 94675 68906 68917
35370 79054 40579 98261 26391 47910 66524 5558 6595 57181
70307 79205 26756 82808 17666 11755 59581 72425 83208 66337
99968 4115 18310 15744 33523 752 53727 50630 27096 82181
57467 16751 94435 62753 84470 32623 13767 83331 62374 9238
98941 76575 18164 23932 22760 10641 86175 46242 5323 35043
95356 59360 59845 43829 96952 32108 51648 61610 4489 92864
10057 59086 49138 52147 27192 840 20049 75784 73374 96071
57052 21259 3345 81216 99846 84552 34491 23366 75719 93788
88222 28987 82579 60874 37013 14491 60332 4743 70633 52240
94498 9223 31223 98429 90881 29308 53635 57018 59755 28810
54089 4593 7159 68175 3140 94724 91883 29624 38455 25369
72378 49122 69498 85456 60350 24375 17933 4199 73516 3803
67903 10282 50748 77438 86538 52070 31347 97782 6606 10581
16502 11832 40637 43635 74071 30840 91989 14823 22286 60906
22048 7997 14082 80938 52239 1012 38842 59378 79809 17331
77655 63122 9771 51302 56261 10418 55605 8710 54964 59341
81947 45010 80307 99360 53869 67000 87038 74764 78927 59904
20673 93746 54616 26496 34371 65983 74771 96343 20974 2104
95518 4395 39418 83865 81214 45440 42709 1953 28093 34964
95631 72130 17188 13682 42167 5169 77434 29686 51584 25262
4177 68306 13563 74289 36558 61225 76870 31983 82577 45957
56534 45808 30386 62126 24919 24949 52752 17844 58906 18377
21851 31046 79990 36184 74378 67516 35996 22987 58089 24839
60878 53544 29148 42887 84257 21009 39133 29355 9833 79338
14791 18789 54157 408 95716 50345 68819 76138 26559 13632
54369 66420 4372 43450 79702 62210 81586 33526 14417 64684
31970 37086 40873 41322 71947 66784 19957 36061 30237 48655
80184 47089 73853 73197 28476 52145 16208 2700 42769 33351
10493 35868 77518 76012 80450 97994 80609 92285 4229 14999
2161 43691 77925 1800 11636 56762 71769 80697 56136 71973
83435 4227 29801 41898 94806 42783 22459 79090 61661 59039
25676 15769 68347 58463 423 43769 90314 65099 3978 49946
12692 87589 23032 58055 41461 97025 7253 79222 73038 95881
82397 20245 63561 23220 24111 30312 48946 19521 79806 91048
60946 12705 65473 31809 23558 42410 28205 75197 8048 19019
42277 2555 73757 90900 6570 96134 84342 69048 88678 85234
23390 87599 26374 8064 59555 54364 93816 58149 55570 81550
10575 20776 45311 62121 35617 2696 11223 70237 97036 62880
74633 30554 33598 30607 53492 32450 68429 89917 63841 96464
54930 965 19143 96399 79122 32274 15555 7823 17089 2350
68609 43877 93094 26975 77738 67685 61786 91789 38283 75169
32965 26141 61744 74739 4969 55340 6894 20654 84693 23974
41287 32055 93488 89931 80147 55813 64688 39137 82937 75891
18887 55951 27390 44494 43999 1404 47512 56215 40667 52826
53507 14583 53215 55716 28490 53644 52385 50535 39523 80628
53346 47628 93522 53976 75998 11792 70323 11217 28588 59524
284 78282 8011 78001 29172 49699 79968 29072 53148 10557
95676 32735 75274 30250 23686 80198 1894 53620 80599 51146
25854 44417 64504 88031 22418 4352 14399 34873 83604 26024
41640 55770 89549 1085 99207 32541 78268 75377 58128 93953
31100 80389 74331 34508 47457 87933 21487 71036 86367 71311
90595 80194 77701 62987 1591 83119 69713 1340 35769 69172
82876 25932 64747 16878 65077 27072 66776 48280 13637 15215
20149 12539 93956 71028 86026 42383 18856 96887 40657 89736
70621 23981 30244 31185 67500 18425 58892 72285 75904 85472
53088 39151 85002 77847 36713 62998 9243 76879 31504 96059
45661 91452 57201 44198 18384 57917 56768 65381 3458 2362
66305 54847 93992 92040 68634 11767 74187 89552 84281 4597
34810 41456 30556 77724 60719 47414 38781 84018 23820 27547
74353 7477 3612 58253 19859 61956 46037 90098 52413 26175
4519 6624 61732 73080 27473 55447 95575 2933 51850 67853
90861 97704 1436 29029 42248 15491 84433 98891 70856 69307
22263 61274 17021 67911 45751 37459 85904 78892 21364 64830
51111 46217 12067 38051 29343 68321 18925 86276 33562 8654
89744 20255 14007 64180 78678 46953 32987 57063 30623 98957
42935 15231 38188 4910 86201 56795 171 99937 968 87439
57840 20911 8595 22082 88864 57894 51645 96883 54810 46744
93065 17798 23219 4609 50504 7010 89624 45170 65988 70497
75231 33046 67045 84251 41884 64125 89824 99815 96685 89541
52641 55445 51290 43904 3918 18704 62667 29987 94876 4789
39994 77331 93081 96205 29315 87946 2521 81794 24646 25770
50914 49862 92293 34599 56809 16470 20501 331 83600 69737
37990 19588 87702 4172 63514 74675 41580 32508 1901 39982
5630 98816 5140 20842 51798 39321 23485 37361 8061 79624
30703 10774 82438 77216 74964 65547 41155 24699 79726 96645
74866 85474 8262 5021 59735 98943 30571 35918 60174 18158
91663 28876 36306 37195 50673 95899 95700 62410 96638 57247
39654 33944 3174 87465 6219 98558 86186 22728 77089 20414
88042 68862 65000 83143 67813 97583 87283 8641 11938 47608
66997 75566 41835 76711 82179 46036 52616 10202 58831 82288
45356 56687 34448 63345 40497 428 19361 40441 19154 98452
59685 99323 32451 93141 70099 76122 12608 31600 47829 1464
32881 17940 93354 66299 89263 71698 80067 79948 82595 74515
34909 19480 52491 53801 37202 7430 19083 31454 75173 57261
6006 63867 41103 69431 39538 54850 13193 38509 2506 36815
47384 99056 17994 69644 93182 60564 99352 99122 20375 13266
88216 16592 25092 47846 7341 85272 92929 82880 36132 4716
65148 32178 88300 76919 81905 22338 45030 30433 73452 84535
41785 53746 72054 51840 44398 71594 13100 64130 71667 37476
25674 53955 18043 32509 97187 91996 60918 52038 49687 80427
3470 41914 13377 67838 2804 47370 50848 63950 19233 734
16658 45290 69233 63862 21763 7547 23697 40307 20471 88522
80459 42172 49912 24613 94151 45150 28383 28281 72940 85232
89240 24442 11845 20486 10022 39468 7395 70930 55640 66164
69511 83903 37307 94874 37538 72000 59342 8488 56470 29051
24020 24428 10299 33927 44174 67398 24470 15469 90012 28237
23218 32891 13097 50302 12344 50918 44610 74201 28856 17536
32084 54166 89127 22615 84911 4155 35597 14909 84493 63575
51193 62366 75751 65891 55555 12423 96291 42822 77137 75515
540 20595 92664 88837 57929 37848 52871 96841 81108 2654
57420 83777 80693 61903 44307 41988 43794 17368 58567 27428
24200 79607 75975 59525 17317 84328 16176 88144 27977 87464
31455 30146 75021 61674 91174 70421 28471 72345 53018 1001
57395 76085 31645 50649 27364 57284 22945 46409 12880 48894
26354 23468 98098 47228 53283 17807 8334 7189 69734 96727
47492 507 11645 83529 69319 97897 81921 16574 94019 55737
28107 94556 55386 93386 85695 92542 4309 48920 73654 98485
33338 15504 40981 20733 57265 31671 62248 32270 16974 60790
7650 38222 90620 52708 95903 69369 28018 66860 70949 98984
33104 1147 70993 34847 55303 20797 25578 19212 28997 17481
16889 76539 60206 66130 49372 41376 6556 62474 22908 99287
18491 13014 71134 74961 14199 12901 59267 89822 35155 16419
59060 91945 73418 39811 23364 89668 67747 42876 27578 50371
16370 26437 69595 72891 57462 79878 36675 87548 82082 58990
67425 91806 96133 6541 87875 57191 40883 54908 67656 62416
13160 53318 77850 29177 92788 11933 23937 21473 27244 87902
33183 403 70789 12127 72440 98504 40762 157 23423 9949
98463 22267 15395 16651 25071 19394 20642 84607 77948 4960
56168 21111 486 29353 67532 64846 99971 51710 37404 96794
37096 11739 14858 87173 88996 63724 936 51948 52185 84825
30806 19808 41873 49924 1351 46680 55027 23160 80894 46610
30205 25606 93514 2026 54085 2129 88562 67485 54898 63431
40791 44199 16982 43987 42531 89566 12999 43426 22875 79872
91215 55892 94935 49376 84201 71809 99590 2630 80618 38929
795 72777 50103 18781 67390 70319 48925 45624 61888 46322
76479 83976 12913 10226 20909 22794 62695 46306 62265 98874
30404 40458 72612 77568 27883 19 79739 53445 2196 97489
13479 62853 27274 4331 43565 81056 52880 20638 45639 94536
1104 85758 91333 57262 74579 57200 35745 92009 39957 78909
50734 88249 12893 84934 88527 22828 81172 17699 56057 45598
7510 44669 35237 18022 36843 63125 45061 19238 31370 18239
83627 94711 28166 47602 7760 11042 33065 58295 89835 7928
76298 15316 3274 86045 46184 2563 8716 42946 25542 57584
41214 39412 19694 76561 87721 54742 82528 16595 69153 43277
17186 33590 48825 62195 37212 7771 62246 52290 66231 45178
98453 19295 49961 17319 29283 70795 15667 51353 17601 29000
31893 5100 1755 44460 15746 80744 73680 59945 81716 89148
82072 51176 88667 73335 77447 60281 64164 55151 29639 96640
18877 83994 73409 82363 54352 24244 43503 82667 83485 28613
75054 95549 66095 81127 64440 38224 33363 18381 57271 51808
74778 14622 4240 73189 97292 93249 44519 47145 93606 12070
75524 6344 64729 33742 83691 60024 79760 92115 50141 11796
67356 3597 48295 82112 53305 57649 79696 95087 59429 36090
35759 71135 81792 94242 92959 61219 97397 11078 10698 36714
576 52687 59258 46704 21188 7409 82042 33810 49170 36500
30099 30372 23022 6059 66988 40556 56869 40702 2450 57140
84260 12936 31475 76553 55422 7974 16313 52322 10425 34701
19909 74720 63951 35177 1708 62865 79647 1954 46152 93203
93931 41878 99035 38829 65234 465 37471 42267 27417 72254
16841 47166 323 80038 21807 14688 74206 25119 77691 35290
73787 95090 65016 90905 93873 92476 76978 23805 18609 32655
43743 62067 12104 37157 99614 4707 71967 45481 42965 47531
74172 17123 8985 5505 48762 70206 15000 75097 12259 75467
73434 63767 85266 13780 53372 32566 71679 58221 22379 58624
99504 38299 14887 30161 58161 14498 57635 49054 98627 2479
46792 47774 56650 59423 52395 54331 34405 55074 20705 2927
46008 95500 65728 81373 36828 62167 71102 64467 9379 97363
66364 55677 34787 84803 34372 30291 75686 65439 90528 66777
122 96485 73253 10483 59994 9253 6599 61978 72078 716
58331 72036 8183 42682 39555 11110 46381 52386 23591 71225
23037 40830 26234 38253 67779 52565 23476 16364 45303 34760
76492 39480 46623 87446 55811 89701 23862 40400 5379 92179
92826 53258 65901 86028 69676 66033 84510 73919 77937 22016
77731 64656 72723 47281 27971 70646 86080 71499 44196 47983
92083 45421 85084 58897 18552 14061 58543 27968 40835 48440
33016 70583 48177 91335 5716 72681 45019 16144 73206 4057
51089 21378 53498 20144 3948 91332 96409 77807 94783 81692
94636 48683 74504 70947 11955 48555 68799 13411 24640 420
48831 70143 13864 97135 225 87799 37998 84185 63473 81217
9137 30409 21264 90082 67438 34023 36118 87788 49271 77789
94457 25730 12612 28138 36909 16479 38838 56845 96840 19204
87987 60692 14227 19511 56789 48452 6357 27317 59898 22645
7327 34376 53184 66591 78806 81047 24933 41308 98409 21139
23901 76922 21399 6682 34172 44725 33658 66424 32693 62044
93158 71251 95891 58098 67334 71633 15446 44646 85613 43081
84755 42789 78761 35150 94335 19150 42254 80474 1930 95420
37487 87369 96578 28427 74455 69262 33708 78134 42689 24920
82483 12613 29542 83805 43004 35229 8010 46561 28462 18683
88340 55028 35219 74509 19930 64430 89531 48530 46099 30751
46200 82600 32820 70156 38601 90388 96843 55514 3592 39584
24492 44406 78403 36310 18662 63763 77381 4830 71193 71124
81876 30672 12667 13987 27839 75036 1508 69408 59374 33072
61453 15525 99301 76695 33167 77897 84683 46672 13250 62873
32687 44423 27175 53782 72603 41896 83210 50899 29961 7164
95782 78036 5068 78278 76156 25073 30793 5 20580 89765
30440 6701 14292 9718 10155 58709 70430 99451 96606 84459
9664 20400 71380 9135 97758 23792 20802 27414 94035 82423
72420 79462 92528 38815 85258 50529 53460 94694 92284 72467
4799 67479 60854 93897 23018 66667 98262 64029 65198 12986
46176 62664 40303 77373 55377 21027 49019 80928 62310 48000
73511 43332 64482 13444 45616 81567 69923 83941 93173 4147
72121 37261 22292 34708 88845 11381 92964 48435 35147 67172
2174 57097 28483 27964 65735 33362 23490 80429 15355 88171
98795 60571 71191 6709 31501 43593 79603 53738 2105 41027
87622 41149 16163 52489 61899 23176 92889 49293 49134 71955
92495 71917 40644 75715 15874 53145 47397 75528 78341 8949
75220 33431 2958 96186 28439 92412 1073 27226 41193 1346
32498 32426 85118 30727 92894 7098 21000 86442 94754 94102
34486 66256 11898 51071 38217 86242 85514 98221 79398 6245
85598 39302 30566 3725 18168 57017 16282 37676 30361 99210
70956 53161 41230 7531 72087 63694 87829 40769 22577 93631
39880 95116 8835 7143 96631 79933 87176 2441 81816 52580
92187 60871 13736 48709 25565 52012 19082 41096 5188 59903
586 42757 64857 7315 55251 32463 31630 96901 85769 43489
16300 1288 39484 42924 31660 30979 36343 20933 98913 47562
18249 33375 46541 48595 39432 64128 5722 7062 72632 45809
45307 80936 76647 24180 56404 79073 82354 96005 78062 89961
67650 13874 7368 20536 86675 24206 9824 9373 14477 18833
58451 92276 21041 71011 44562 39105 85814 40344 90138 95
85770 72981 90100 39552 70613 70938 82029 33481 35059 85364
7276 90562 76871 71950 14205 92062 95576 33792 50954 43557
57795 90455 78731 25153 99663 71371 97447 38637 99945 64651
37428 95269 44233 70797 27460 18977 2996 81723 47497 38044
39808 47955 25798 45109 27400 31098 16677 71253 9793 82530
17767 40846 25872 34956 66160 91873 34418 68911 70217 73084
92177 96677 5809 3037 75553 27728 48127 55410 20744 13459
48997 75613 85918 61550 21725 18378 48552 6993 87540 45682
39564 66007 68826 56965 32224 77132 61284 25600 92627 29156
89517 68895 36712 84877 7488 36538 92150 97118 37557 9328
32692 61260 34756 98552 82388 93021 90351 4180 7476 10968
70906 22241 51118 78993 35271 40663 50485 8698 22952 3924
58654 60588 97278 58036 21901 40989 86807 84496 48556 63757
92754 76390 46583 54301 73445 38932 57692 20588 88190 35218
37912 55035 52667 80422 46845 24345 97796 65319 92502 8342
92920 67447 89879 66139 72700 83323 57182 10175 59074 53326
29681 68884 49354 22111 33219 51799 65648 29840 60937 11798
40232 74133 60181 89495 15416 42330 78392 62419 28702 58501
12027 85190 46286 86033 9912 24630 96610 14376 13656 517
42594 18520 20737 31994 82146 73687 80621 21881 35529 42905
20069 5198 29410 10055 33042 85661 92874 45088 51659 43414
77667 32197 23370 88647 6266 69752 15258 60649 1721 29460
43594 39144 14851 44064 46232 96834 72017 62465 1742 92863
11585 6373 79167 94732 19351 17 36522 27212 6881 10625
8496 89636 59220 85711 68012 29829 92527 63510 60212 44696
45214 69599 25004 58915 57042 93911 59119 47217 99118 76751
89711 87744 69372 93718 30207 42559 80121 64825 62815 36195
93410 60259 29910 54876 71460 88330 72664 65199 13379 36163
48335 63208 85054 2038 57347 47271 41594 7752 53716 1776
53937 67570 46932 55636 40658 24762 67012 98660 58714 37569
16118 30858 39409 27558 80485 84327 87981 35653 51740 44427
98301 73551 57591 31554 2268 83948 62128 49255 52626 82544
64976 8186 20606 45401 74433 49470 13112 61348 31519 45703
73554 23859 84518 87197 35940 62395 84232 91974 70744 18030
3920 39774 34214 62638 62893 93612 72310 32781 36013 42397
43194 84065 10893 23933 22256 11905 97541 51385 28102 41735
48722 25480 88015 98846 56585 37880 28701 23094 82275 69744
7318 13786 26169 3670 39701 22195 17955 68589 94027 89375
12055 92338 2347 74237 79870 21948 46834 5263 49468 66833
71157 98280 42809 47559 62920 73997 41534 49232 1890 41633
61308 28591 50357 67793 75063 17431 65998 87661 56600 22461
81386 89596 92485 86517 43134 34466 59912 80586 96993 35463
25362 43459 64896 764 52342 85760 74200 66110 70717 99110
20089 43687 23966 27322 37012 57646 17138 80616 20581 56401
62356 32581 17659 81491 81401 76419 63928 52519 66800 1936
45910 71848 23626 54591 82084 87847 80011 47000 79892 89751
33630 87684 45318 87706 12420 53104 59355 61524 25197 84925
1677 72999 28175 30586 4819 92297 22849 52235 1060 90249
21278 83696 96400 52926 54952 934 16903 87026 46086 84341
92550 94462 85999 69491 1258 32414 62603 40188 84941 20853
63438 8648 75926 68432 66586 61090 19916 97765 68307 2762
12856 77916 7772 2412 77819 99535 30241 57224 2184 59731
29178 99808 63005 94403 19924 73563 48016 47866 22366 28582
38753 35939 71199 31288 93902 42228 45226 70096 33550 22885
57518 13522 80995 84181 48106 55389 76787 79935 65363 69671
83479 74134 35161 31139 63436 17721 91424 29330 588 73397
26042 18701 82815 52296 80236 9370 47206 2734 9807 55039
58 63609 35584 27758 33839 69301 46682 95856 82569 60631
92515 78025 85290 12047 14753 55358 6038 68010 26480 89988
72967 99 12958 89944 86936 93308 82345 93046 9952 19323
26500 49833 58819 46779 6191 73347 45873 1209 72688 78314
86093 19197 13930 35618 50031 77502 57603 73067 64947 74921
90688 62403 22223 91748 93840 48092 75996 52091 95735 5554
83451 41205 55649 33610 26376 91845 3558 57085 88671 32607
47820 46969 71445 5121 64681 87533 64385 88441 30823 25649
89039 65277 4012 71034 90804 78821 93006 97375 1389 63352
89719 66678 30531 2687 26276 86381 79823 63785 58129 52346
47976 74253 24491 70284 675 76451 16701 88430 36877 70012
13163 54510 88172 99867 77802 30236 738 7503 15240 89530
2336 47519 73889 77383 76494 32727 72290 37503 7386 96757
23641 30613 78048 11981 20636 71669 22493 51475 70178 23828
25057 72609 53622 90033 23719 82953 87891 21296 55004 2125
48305 33445 15230 44919 89235 48419 16652 56045 42738 43152
14548 12557 4964 39660 52514 7475 82802 64667 69366 16284
22706 31820 13553 67424 86805 26450 61590 68157 912 79611
72055 73211 83966 88735 63451 30327 28803 431 43213 25619
81963 82729 91534 99707 2574 44002 58289 83531 94454 48144
72655 58910 77795 21658 29941 958 23365 45829 91955 13387
2676 32804 54081 56831 69942 45000 64081 18296 95267 38184
57901 93986 87135 59139 92288 13178 69547 18155 49846 31491
82855 4346 4083 35285 77332 29630 60873 45025 98540 40634
41486 36119 6303 79395 39059 49512 36599 96930 94674 80359
94108 90476 10159 89453 1597 18062 81109 21329 40139 72938
46243 52485 22932 22628 78749 72737 77965 89750 28931 35585
62361 76029 15408 83511 76850 40649 23908 98100 36856 47196
21985 61568 8749 61716 48963 98230 77733 86341 87603 70281
84884 8821 14274 1077 81873 74755 6026 73263 644 12970
41915 25612 20899 51923 27285 8747 41068 930 95692 28396
87893 67304 70656 9068 1270 34166 58498 44711 57976 13069
78244 76000 50845 27554 82921 84570 61905 54480 56408 20764
75350 24012 19733 88246 77492 59748 69308 51885 98200 68121
9534 28728 15957 55240 55140 55005 45206 42079 75250 44720
93221 49168 58754 70772 18298 751 74118 17550 48019 58918
75849 62405 30832 37735 85721 79559 78549 77223 82843 27909
60755 30077 62922 789 97114 76625 46133 54341 35504 10810
38332 22086 98588 39677 38091 7913 42750 72716 73389 43958
42826 36966 23833 78601 17238 94916 48132 68267 54039 90449
13423 84644 19801 76 45909 50076 97109 32166 2298 5749
97014 58012 38752 5870 95332 40764 47909 55305 68021 67167
40804 28131 85807 3297 72547 82965 45725 66294 89897 76119
47771 55375 10632 52832 66292 80708 6117 33403 54543 8680
47440 68523 14259 5547 13246 31305 46629 85048 30950 77457
49642 26803 17759 9819 93944 59375 40192 19628 23912 87290
58370 77682 81755 48719 39987 61757 72215 8539 77368 12430
8738 49510 57475 31801 6360 79295 9398 40120 85434 62486
26095 44697 35609 55501 76445 23810 67265 94802 12211 76500
75214 97247 36231 15334 75657 35645 55436 78537 94761 91182
65953 92331 60093 35808 93799 20060 21142 14285 64043 58776
85776 21052 67032 25611 64734 163 51355 57550 8120 83041
86649 69149 16402 29484 41321 95381 56599 25156 23165 90145
18198 8073 82120 67822 19996 10660 74945 92298 19270 10939
82501 5223 34137 61641 31456 692 80387 25347 30828 73550
95802 29892 7526 23766 30030 65714 51280 34646 63013 66407
22219 51079 16319 30481 76558 57051 56402 16789 57275 83430
20288 16065 99125 75189 42506 57209 80063 86434 20232 18012
97925 47832 69722 34109 23838 55173 67116 11104 79464 66786
25628 8143 44581 39326 37567 79886 22172 93575 38854 44520
75199 92901 48621 5460 66499 76988 58984 16434 16856 99771
70952 79375 69204 4818 38730 2427 81581 83571 50599 86891
41929 54662 68047 99561 54291 6422 20445 63283 47684 93207
85260 72849 48267 5916 28696 21827 9116 76143 47796 9212
15169 28176 52431 25719 7885 37125 31278 64620 40647 94563
21005 3210 64148 48394 95612 37796 94010 50444 89281 71507
2175 20959 51384 28670 81256 71015 84793 11061 81016 23314
46911 20038 26337 14427 65748 46364 15628 73530 37851 29643
88287 21099 9891 28124 31867 48470 37119 52834 72301 56399
4315 31120 73979 13103 8490 96852 67536 69578 68173 79470
84894 50923 80034 53993 73830 35556 71683 51641 7542 74930
84832 89323 71108 99912 12895 81005 23715 73277 68283 92364
97469 88392 65759 46984 59236 17292 72949 82267 24239 58893
29994 7207 75457 54880 12544 66642 59280 90453 1843 73567
16656 40236 75548 17027 50853 17308 12381 31092 38116 30504
50940 29362 65455 24193 73849 83101 36955 46259 23511 11481
22566 15563 24338 77833 89644 33698 44380 44943 78645 83174
12787 15900 79474 3382 68991 42055 34280 88238 94101 69892
9821 22408 64038 24120 49703 13819 14833 13427 23224 91167
58185 24659 95824 29695 40410 90286 73451 38983 96865 9587
47901 65793 65612 52044 5751 97198 89794 42086 16745 47722
36841 1987 12639 76023 26035 25082 6141 93686 4248 50445
94989 52938 15085 46903 28699 73677 19473 87785 76471 1680
94470 83991 69080 88000 24410 68775 61401 68272 50743 61781
67962 3259 67753 54856 26780 73981 20204 13032 99718 84483
86281 39348 36838 56186 11811 91783 38656 14689 7951 52297
36920 17860 15012 25353 90987 66973 67375 25785 76742 60221
36855 43025 76232 48632 36748 87169 46358 79808 6377 78517
52677 77108 74541 74246 98244 2330 66115 62732 9519 88095
64393 41847 12327 71974 28242 4567 22947 66914 2210 19616
74407 42838 48345 72951 6741 22853 17512 2894 65418 95414
55929 811 10697 33347 23774 62646 1545 37011 11171 45511
49024 76707 48886 47794 44474 75057 11062 478 40692 26081
31074 94909 95628 20438 94382 74390 38438 50872 61683 87608
89272 92048 21663 72638 65377 91804 25584 34059 11332 44366
99684 86591 24476 8984 230 63718 87945 16406 39621 84276
80974 12343 83874 75485 86150 87215 99100 67096 79800 39204
3698 75779 16447 2096 33805 87531 92772 76070 2493 97192
68120 76317 85624 12066 97280 78875 1274 62468 67063 39927
18583 57330 66719 30753 63856 68938 16320 12362 67464 67829
74248 99982 29370 34570 7445 53025 82414 17880 21468 58188
94128 39147 38982 86323 14289 22786 3539 61471 92487 36225
47657 23705 45263 25079 90301 59113 29173 3772 90269 93266
3280 96463 82946 75263 98708 34138 42978 99488 43942 56232
72899 32089 23090 80095 5875 50806 28215 74760 18385 23734
5838 45157 43575 87192 62844 44486 76450 54465 83075 92050
96869 18511 16265 1398 92960 65533 50560 4577 68903 86334
27937 22739 4467 80924 14276 2092 40487 68969 94658 40627
57437 56005 30164 10497 30172 27427 26014 2827 68507 425
68843 28453 65790 54794 56510 3275 59176 7632 42352 43239
48872 32011 53356 78430 18510 29034 65800 32555 3288 58664
14522 51004 80561 63030 68930 49684 37439 83024 84917 87208
97985 79454 89052 51639 43763 75357 43214 9792 76623 97223
25697 28431 8404 20895 66970 84032 17234 18462 66752 25907
59875 62358 78245 89310 47734 40360 10046 39317 58919 17944
65502 13000 55457 39595 89156 82716 11459 40759 64817 87884
95403 869 43018 25529 46081 32528 92912 73829 9351 88844
78649 44770 79096 55846 63446 94309 52228 54188 27703 84548
27860 76056 66631 28384 95807 66457 45813 37379 85495 32429
29147 91962 79023 55208 26016 25013 16881 18902 81283 76287
377 67525 26441 5748 24673 14616 36791 18107 66632 14567
36991 26969 51626 70733 52623 24284 71617 29380 92730 4256
51006 32992 82512 43272 86610 2443 22114 95276 38270 6576
99775 48151 87376 58027 72067 19214 13005 77 43006 53767
38968 57638 87507 37889 23716 83559 44821 22276 50738 6359
62798 75204 14375 38235 41643 19062 77314 66106 82394 23561
47694 36296 6048 74460 56366 65576 4674 47208 62071 88827
12438 8809 95100 41830 28877 45838 78696 87182 33170 58201
30008 5282 3560 38370 98986 63180 15009 99760 17514 61993
79472 54832 34869 12166 67539 7112 80269 58794 49009 78999
6488 61462 80820 79304 76694 56154 54690 96068 27929 70698
7538 14942 95639 80982 97295 60431 3671 38014 79144 29132
29419 4718 57405 20313 53719 97120 60528 97675 75527 84447
31901 33387 71762 72236 26370 44396 65903 68078 57561 95745
9508 51896 53884 15696 61712 27273 64304 11319 78816 43588
93595 92529 87017 84187 11768 60954 47245 84721 73465 9540
741 65738 6521 76229 14196 66421 36931 89968 50904 21619
28607 65203 49893 73620 6478 34080 67692 93592 20314 64807
58169 10026 72188 18353 62153 88933 51575 43048 97797 34620
98997 80513 65495 33791 61801 18754 61729 89974 37972 41722
3049 21280 64839 55740 54426 89045 5179 27321 42005 86529
42955 21671 38463 91387 4644 88799 14344 73436 12180 93620
3729 70638 63759 63594 56569 45200 37572 87727 61916 49226
27510 50938 21824 29554 42294 34070 17415 10657 69078 32388
99871 642 76803 44812 1160 92060 454 3475 64934 94427
59991 67462 37020 37335 20816 42015 64354 38717 31836 23888
14464 73891 20557 85678 73775 51611 65280 93149 23280 12258
80027 89093 13871 94098 53790 98461 43730 1170 65929 67241
75336 30841 7460 7914 12365 26729 83804 84442 28779 47522
33425 60505 5328 48833 55938 21700 12464 77974 97068 30067
80325 47708 10746 74245 29378 44885 62619 67428 39524 60424
82958 83649 71383 33460 71601 73517 51983 70241 85139 96170
68619 3152 88357 4376 62924 60717 23696 23100 67836 34242
47566 74076 90009 44916 61986 91032 22373 24621 53969 82064
81731 16426 82822 5091 55917 87295 89180 57266 46898 83110
96386 65015 95415 25812 50521 15853 29379 17078 32457 39705
66947 50253 28190 27278 40006 84867 98881 28436 37802 91614
66454 86225 51899 73039 82157 28280 45646 25587 22425 9770
44472 43922 41908 97769 40424 44607 56078 28489 5997 61960
45044 35248 12756 93363 2490 90510 42234 86976 92034 69856
30152 47629 62304 32119 10826 60804 45414 36356 8112 98415
6186 49359 84772 89485 50322 10529 78826 17750 27207 83344
74373 56234 81304 5645 1702 28641 39856 8314 62493 73509
94451 61742 25571 56120 81690 54809 83557 33490 37857 80832
96803 94962 93954 16760 35311 29506 38488 81023 87747 86752
53973 97420 37830 57938 52552 40730 12572 18045 67851 12293
21830 13064 67212 65636 88505 78100 12434 41091 85267 83345
33308 39551 10997 64678 56360 15877 76099 21285 12801 5302
90696 38837 14587 49989 35430 4867 12643 40234 96828 51877
99910 55971 98740 76875 85773 94599 56828 19020 87114 36819
92008 22491 53731 98194 81375 68908 70079 12185 99714 34506
6778 94571 42835 38853 99464 4384 16228 27938 80857 96859
16171 21387 32552 1469 13832 67835 96756 80315 50519 68800
83481 46973 93403 22831 44888 45621 68006 25511 30058 85938
79000 73110 12749 48563 2904 59018 33416 75495 22249 1675
38547 15383 85948 87701 47430 14931 77193 66886 2728 94768
14363 40493 19661 6997 75847 81655 34161 79906 95400 24957
49824 94667 24643 60962 72885 77385 4125 51187 10747 57655
84056 30951 20787 84707 90734 1329 21935 65680 55661 64435
94782 1268 61753 17404 55654 67006 58634 54755 42598 35098
97377 53650 50409 61542 46820 82851 89911 78231 39851 25115
94774 79685 92074 7462 65689 54548 18565 40735 32477 41482
55043 40834 95804 78711 87645 10506 64726 55440 3709 9210
70321 9248 18394 81962 7451 86628 26365 46450 70928 40100
71692 51847 72924 21056 73617 44037 80783 3393 35367 87302
56293 80312 47445 24889 63152 11812 45302 41172 15740 36947
50619 4598 78781 53985 87714 28405 66987 37617 36895 98936
69596 85001 7179 62876 98782 82533 44456 9956 8664 4388
90730 60244 13775 3759 20935 25333 56152 86126 92117 18579
21946 32398 72453 53551 1940 96788 13990 41867 45491 95324
6051 85679 99205 1847 92935 61787 69853 55710 37895 25160
22071 87656 52663 45487 81853 88684 14171 80480 51210 63876
50963 81314 64246 27804 91356 28923 91306 15862 13498 19947
77360 65115 23004 32336 34193 80933 23574 79554 84348 35886
34966 69270 20618 10247 3126 25219 75755 55259 25869 58618
74685 30191 93013 70697 48278 84921 66531 37640 31430 7424
18320 62237 51260 27754 25694 97159 98196 94229 92408 51544
42089 95354 99847 44657 25023 4440 85047 47391 51515 71855
49750 18224 55163 93196 7819 99733 1485 97024 87427 79714
90864 41503 78026 42168 68189 8976 57957 68362 68148 16733
29043 25017 61073 20002 12540 94014 20201 99665 67966 39211
36872 82926 56455 20436 95711 51876 3615 50990 80521 65399
42780 98993 77339 28406 44527 50338 52371 47878 71490 84269
86400 99186 80701 70081 12713 64247 56013 78292 93513 59216
22275 39094 92316 14993 42361 88461 99435 53241 24187 44332
96818 22795 82786 8419 87441 91120 93835 50831 71303 31031
84377 88804 4947 78014 52995 60943 80527 87062 91091 947
88854 3575 2473 73901 74750 31821 27642 48433 21862 7646
93063 40970 70517 52696 73913 6739 41664 99119 6519 91894
30995 17167 93193 10821 59967 46446 70718 10137 32778 63786
7873 19589 28046 79633 9676 87469 99595 63047 18646 3222
81111 68716 69219 56657 12550 32371 35594 96318 80511 65266
87064 4488 50093 4700 61257 42579 62765 81399 8842 10235
92271 19428 24541 42600 33761 10711 7826 22896 85480 6022
61773 25788 7155 79422 43049 25246 22102 57713 96791 92603
80405 85062 86010 46434 53757 20509 63711 3398 64904 33310
52844 49550 36721 88956 47859 37529 90901 28537 30780 72584
96711 33623 73679 6042 23216 77170 12919 70058 98788 53066
33287 89932 70678 65156 86488 87260 75695 80725 86444 7305
80829 69635 28686 54283 37638 60754 7218 7019 27345 67734
27004 19303 80321 75206 71904 2165 36971 45106 47869 44858
45001 17120 2468 85955 43283 45049 89179 83782 20023 85031
50525 16166 79863 18359 74290 19234 66516 31652 26692 93977
78753 69208 89103 70189 94013 54633 96375 94652 15531 20621
54277 51136 51928 92051 53446 41963 50484 81711 3483 93664
75601 36921 29523 94006 39901 91850 40742 77254 29753 45550
27247 84118 35378 92475 86476 1636 11554 31468 14990 20982
94453 79646 71328 9134 5241 45351 24763 13215 98411 62013
38642 6592 69108 51627 64922 81522 15438 50018 338 69406
91416 85183 17966 69243 88893 67157 19608 21268 6811 55082
89271 21226 50674 419 68692 29833 22326 69810 99071 76088
27019 35734 6825 11336 9257 96012 5518 40083 33584 9077
45018 33842 30054 61012 65843 78156 37654 87318 44689 4848
67663 86003 64329 78514 56227 14626 64553 51760 23496 82609
4738 61873 12819 41843 23188 36252 33186 62082 85767 28208
80805 26238 72028 2944 47676 14576 14067 32546 80250 23552
11553 68181 74817 20917 82074 41688 19330 64515 87221 75160
48375 25220 58120 48457 15945 12811 47568 98330 42177 98605
88120 2065 66873 49239 61739 16384 75100 78419 91402 93179
39309 8227 53106 81123 50054 54945 6873 90937 60525 11361
33891 38489 47485 99058 27083 21630 96324 33369 62127 73196
40069 17400 39188 57510 34669 53434 71907 8145 57391 39683
11886 13350 98597 85349 24532 11384 73300 90465 22255 95540
71317 37675 19229 8175 38180 61270 4772 95326 3761 14574
43564 1552 43432 90342 23448 81453 31892 98132 11947 42726
58872 56752 45402 69732 61436 45441 73716 25371 44225 85875
69375 95606 1228 58137 66983 99681 69647 68467 38139 36048
83631 5557 51197 59322 94947 45385 55185 54452 27234 65378
76301 41282 80600 73495 67379 41218 19264 75701 37782 13398
2487 19054 28635 13713 559 84006 64116 1521 53860 30294
34455 27419 11690 61212 54698 73239 69471 51397 99354 29312
10294 13744 10522 2650 39766 31297 36241 45999 82606 80413
87605 46858 87189 7142 59364 31225 92214 59745 52013 93628
21305 4600 56790 19633 71361 88266 40562 60660 64171 86053
77190 46025 98787 53537 49640 70770 75295 80068 44773 84106
42953 1275 18339 40784 53464 22991 44566 16186 42221 11719
64240 69665 46298 47941 65007 12141 75993 46385 97999 90979
96902 38949 86483 60265 17321 45902 91079 15319 22633 8058
40132 5005 76356 69082 38723 72874 66316 83233 78954 66893
10661 29458 32686 25413 39663 61211 18681 7631 67185 10570
30580 86156 39273 70920 80777 47780 94811 89144 66724 42317
1767 91362 43206 85390 92450 87565 27680 81480 86747 46513
43142 34875 6564 98955 51796 33687 82751 82036 75610 81912
39374 64123 92512 45952 67780 56619 25339 92631 52029 72120
78575 82799 65573 81200 31810 37945 1190 7316 15397 69178
68271 57797 69292 63392 41606 81331 48949 207 60688 7799
30600 26140 57020 24750 24245 62595 52788 18970 73795 62891
13823 82282 38175 37915 98591 89056 72637 72527 85542 12261
75857 47671 88227 11900 69971 59522 18352 65187 17783 51890
51335 43 70999 48135 81720 93939 35091 14435 17681 92291
87879 90866 26493 18590 29407 29590 61178 88477 48317 14115
30903 20213 28915 39168 92237 61027 27131 6905 8785 62203
79050 31603 35321 286 6552 13812 63289 27532 57458 81814
96210 82167 49383 25132 18494 29470 64365 11790 90653 5377
46369 57312 88542 7063 88618 29513 85393 99192 98581 73925
6417 22525 65214 42129 41905 98763 54655 25652 10961 82990
34866 18086 8373 63295 98527 98749 41992 10276 61815 24856
84935 6391 96712 24208 61637 38078 86569 56432 1804 87886
61197 9726 10954 91144 83885 95525 43294 1905 21887 92482
83045 82944 66818 92654 71540 79605 69967 24119 19437 121
27714 16544 83385 53262 51594 28962 79537 44053 38538 57529
59439 17707 86330 74314 69533 91262 95253 34798 31798 15904
14005 88812 63595 92552 10528 16695 73484 18878 59030 22732
13936 34936 34146 87035 83268 14441 81924 98959 90341 14948
5845 74491 2956 604 81882 56106 26957 18818 62621 89939
12935 85720 368 34478 17070 85652 54600 91121 5660 82555
99474 59824 19747 55673 25484 21957 89455 7796 44306 76222
67769 42926 49401 56847 85634 60846 65924 92167 51482 60225
15683 86561 74235 22295 63165 48368 35833 94877 28756 31378
57963 31807 30825 91979 51001 14602 92493 76397 18299 14451
17073 49632 54652 6931 44755 52749 94798 83229 10076 32557
27888 71722 88428 65558 31402 74860 91815 71569 1148 24976
22442 90997 81578 75605 44953 82487 25388 47985 96544 84102
24309 41938 35198 32321 66293 95969 37110 24688 15426 8012
21077 90817 69163 68015 6034 80979 6130 65101 78638 59327
95493 51069 71925 65262 87164 21956 10123 77787 82712 82088
4704 19674 60310 27658 24784 58615 99784 37495 69843 38068
97629 65221 49681 14222 65936 41146 76051 41708 91586 45608
54495 63540 83036 14406 2337 91644 49553 98573 35354 47008
96897 83718 2386 16971 6711 18787 4671 92092 31758 29354
97543 76175 72532 87760 80520 68599 69454 59510 83275 79159
64222 95736 4040 41410 69519 12969 77817 64603 36146 73019
71582 87617 54603 5839 79071 79681 26720 4962 27401 73531
81149 67448 51413 14696 1577 91115 31291 511 13886 11017
93140 46146 53640 97005 35063 83127 7052 11491 97487 77891
33911 4378 11255 73579 33121 40629 82023 83799 489 64623
58858 60378 65568 68071 21326 10599 45504 12912 70954 22026
18187 1768 192 71482 71208 32278 42686 58690 93142 87746
45211 47358 28532 47036 47655 65917 28012 3225 87109 80367
32744 50669 54660 29229 77520 11809 1579 67270 62536 50396
33816 58972 87168 43526 91575 843 8894 10467 17182 22678
93703 20619 27967 15666 12548 60108 92418 99074 52056 94863
75811 43665 11164 98428 70457 11783 4074 57873 41792 13700
81466 6966 47994 6298 86018 95334 71870 93775 12669 96714
2385 29128 2890 74497 73284 18396 6242 36747 93988 23998
44497 89999 42578 27483 8888 65736 32384 50200 39556 79172
31609 73221 48475 9157 9055 3147 13337 13686 24068 81938
59508 97145 66594 75182 13541 69622 23737 43140 81619 47611
1517 15436 83551 60546 91201 34626 92985 39377 47685 19297
88600 22826 29536 83633 66879 67010 81196 80010 24676 4896
55288 69663 90806 43876 56406 99656 58324 31091 51706 97716
11260 23374 69506 98598 18361 84837 58896 64713 17385 72835
40888 84958 13756 65721 58285 73099 42426 90215 91202 25278
18363 83729 50650 55968 51978 65578 12062 86298 73744 56744
62688 283 76544 90139 65705 56095 27945 78812 41033 39161
24062 79590 43746 50661 31427 43551 35065 61088 43995 55170
69797 38836 35937 21422 75060 66431 51909 71588 38661 70161
18738 45779 23916 82052 25442 11781 62299 17274 52179 55814
67601 80747 25681 99094 5520 51833 14757 44512 56037 55227
29296 79553 65773 35778 96709 72056 99375 3813 77619 87699
14479 13887 96268 35357 42857 14947 38258 59392 85154 73009
32668 26302 28043 27633 35304 97411 75663 99489 59489 34623
39090 28738 8034 58303 77528 60311 39813 12195 73098 71575
91341 17392 96861 34961 16557 96924 46043 52433 64711 35371
34520 83296 73173 19624 82542 35403 31238 33467 37760 3583
24226 40552 13403 49288 14334 68156 17826 78755 13466 32458
99304 47224 69444 2551 43874 3716 82543 8090 34111 21396
92038 89 30369 77187 12221 98649 60616 78311 4118 49070
56899 71749 37863 28279 49741 16768 51715 8364 89727 64273
12078 56135 30449 98195 76915 76940 79938 97438 89032 82093
94931 91007 47151 15317 57624 35238 66946 83893 76992 17159
59223 27024 40931 31667 561 94654 24047 13481 48244 42463
15303 18993 43187 85316 67766 43525 42152 65927 81378 8870
15056 16840 24092 54069 35343 70195 18584 54297 80373 10458
79330 27610 17349 3109 54469 62717 11697 6204 15474 26942
58283 5498 87299 46061 26132 53349 79617 59484 1986 27729
84728 471 96571 12949 7590 84371 37155 91459 67295 63068
79755 97597 41575 17655 45600 61555 50017 59575 79817 75461
10456 53242 24724 49813 96999 11950 35526 71525 83418 5757
40721 75099 30271 76638 35806 64456 90543 17651 12741 72474
2878 77048 67726 8559 70341 63582 94987 88825 79845 52035
28347 55328 76179 96165 75658 31170 31451 18240 64288 71711
89377 65719 1494 87683 76108 75691 27109 13529 9122 58792
80165 38173 60840 8798 20319 84270 66782 288 23384 5016
10013 74527 71497 22056 44868 30047 54692 48076 9498 74132
78297 65098 55264 68439 10569 94980 11099 15192 79033 58191
14036 88241 48403 69954 3617 51908 80548 77651 23419 21939
64502 47205 30304 97623 93389 97857 58542 3765 66547 77717
86190 80724 35159 42535 36397 27300 83170 97008 50633 25553
65325 26541 34608 28561 50900 35493 75565 58051 46091 96460
21702 6786 9918 70038 80815 39620 93976 17049 64793 53225
50718 6988 33616 90923 84846 66360 84786 42101 92315 87532
87184 48428 51708 65915 66978 81990 75606 15910 30537 24117
72768 39539 80947 24420 70805 55335 30985 80679 1511 62962
39275 3333 37115 54137 88726 17558 79119 77242 99447 39784
65761 54761 6454 94166 7242 2590 13253 23648 87341 67508
91975 6661 7628 40156 46350 72533 44631 32082 26796 82764
12248 15106 58610 70361 39218 8644 34067 42670 85481 10192
62769 82281 89479 47026 58312 33424 53508 96671 45107 62394
5298 49457 54749 56950 19118 86474 60882 5189 81654 39164
18507 22774 66255 11089 64997 76327 24808 51549 50391 95940
54267 46920 82239 45786 4219 41385 68793 10523 23021 50168
73283 41787 86445 89005 64061 36968 81713 44792 9987 69880
32585 81937 84626 6425 90315 94316 11629 36182 86105 32648
70687 19018 82643 42683 28647 12354 71998 65977 98510 65489
26545 28862 7742 58532 33578 35878 86183 68743 78161 99253
98149 16312 79531 12773 92602 56937 70426 52777 99562 33618
56625 2254 47413 80462 10716 61351 32111 14022 75349 72458
95024 96730 28129 46467 2517 32046 61495 16879 75155 45217
61080 27624 76837 56302 28627 86932 98381 36499 84506 80543
63918 80588 93847 93377 18234 20350 1106 3695 74917 57007
56503 20592 55656 93382 42881 54521 10049 74754 4265 25887
67207 7977 54784 69075 8657 65422 15326 89946 11396 18796
72495 93101 17045 87327 13364 89581 92238 92744 47431 51132
8219 68872 47444 63263 36503 698 78359 44721 84409 17074
28646 15756 13740 47470 47560 33929 76776 84565 45350 1799
96973 1299 77433 45945 44432 40703 60535 65755 75978 78061
70365 9876 80089 17701 16281 96225 45575 44182 4439 1899
79083 54777 52594 58512 76902 59407 92477 58515 61911 30362
75938 50493 136 84099 63600 54066 75397 12077 86314 15116
24016 18367 44555 98559 13090 59762 36578 24481 33448 79972
8896 12278 79114 33704 43401 82138 8199 22363 17556 88594
11538 13769 91746 54589 71687 95231 2799 8526 5196 55592
91560 68768 2976 15294 42033 43645 20722 76660 61337 68878
22471 38997 32037 70362 44462 39081 68956 51415 80407 54176
25089 53138 81110 59527 33180 78192 51161 21104 48915 85862
14318 32994 45570 66301 74885 68851 44375 45712 96586 6031
65905 63031 25803 67300 70730 78878 32488 63516 95243 52816
18807 74884 5778 30981 2636 11193 11999 64519 37251 25109
87749 17309 97587 95898 53134 93623 34493 77011 11033 86067
89589 16989 23388 60900 58779 69450 96045 89691 43940 47295
52533 94263 68901 36882 8706 38391 5562 84500 71104 15607
75522 29032 90422 36619 32728 49809 39823 37753 349 5817
95589 71217 97905 33230 91024 85748 96534 32325 76690 79274
98673 72867 47921 9138 70516 28456 91779 83239 10338 36853
85995 78809 55702 69711 80021 94296 7165 64231 73911 70625
60214 54409 7291 16031 11842 62164 1693 53380 56190 57522
63359 61989 85438 36484 4001 88986 85726 24202 7849 32144
22864 10243 70553 20875 92713 78295 19324 84711 69957 10201
88836 44594 10693 50165 85125 85575 36680 22548 46067 97110
72887 34596 24196 93949 43225 32818 71051 25466 61381 9541
98188 15118 42655 72079 65599 37406 46828 10925 56467 40521
8924 28735 9366 56873 74269 43240 59878 99088 9539 21180
99475 60382 23415 59880 43104 23446 29441 8027 46070 15270
42179 88168 18054 81766 15575 41543 9553 29777 32415 41712
1829 47925 43078 37041 63161 70487 14322 40080 32323 23383
44095 11464 60277 19928 40354 75670 11169 61186 33085 31432
88369 55975 58162 64334 71523 76621 28315 6442 90945 25267
95723 60055 26405 28906 61761 32598 83278 96286 26543 17581
21322 90767 19004 75878 80094 72227 23140 16598 3705 18157
35718 60177 39423 81622 59962 64344 80163 99234 11446 78772
70877 95382 59384 27253 70849 93272 77070 37814 47 40255
53909 29580 54883 52369 24130 64891 75987 39174 57674 1729
4993 28692 87052 79742 82771 77133 8910 2327 42494 44860
92171 23394 26231 25070 15560 5203 8662 11885 58946 93546
44706 6509 3176 68556 38613 56560 10914 97357 13855 35994
61280 62738 82468 69559 19258 47557 13329 31294 29511 83621
65054 95644 17489 43811 70186 66912 59593 19706 61990 62443
68511 62530 17872 29803 37892 85967 85032 17911 81090 80874
4871 96300 73231 23633 4330 40813 85657 70107 35625 28086
42270 1332 80652 58752 1774 94317 44800 79985 91755 34998
18801 20259 20308 82292 55909 16039 45825 45923 67340 28602
57639 61665 19040 17682 63695 22372 21463 89991 19757 38874
44018 79374 58239 31079 19165 71080 52024 29676 68894 47997
37672 86772 17795 8975 90525 66845 9931 81795 71503 8296
64585 2753 61299 85221 84343 15313 92219 4902 28787 30588
95666 92269 16786 28601 26991 55823 99578 23515 83120 76755
24877 44504 2203 76131 26201 72115 73402 51196 81411 31688
40525 14690 91191 21665 86918 82981 27536 7906 28470 65407
56690 68332 6947 91859 97995 72446 62438 53056 73652 21823
82932 67331 51957 49975 36123 84144 25162 40246 58784 14186
4062 26921 29783 71744 60031 92460 59005 53173 62459 22413
46514 20877 42084 14535 15932 46411 92470 85066 94924 45895
71553 27128 89289 36262 23971 26385 48034 72817 53163 15405
9711 459 81783 61765 33470 25961 75191 47751 25167 83680
29079 77403 30140 2357 4266 82551 43517 15752 17595 50217
53390 8328 71438 99455 5037 30772 33344 80259 74799 1709
53462 41954 94524 43473 65009 6657 22473 38924 66659 63117
14130 67418 16791 17007 63535 74051 60746 3742 57482 73477
51138 1687 94632 25405 37772 35246 62600 79048 82303 77574
78260 86946 33190 95244 14525 84290 87817 18498 67719 23466
50907 87674 18420 98258 71971 44453 48561 28636 96675 81100
74299 93867 86152 95240 46139 60436 36774 28339 60061 76145
37281 87344 10630 76037 9820 95836 90961 73782 41303 83423
85785 98283 83724 14826 50158 83461 89024 47226 1542 96964
20413 28268 1223 76357 99666 38500 53327 25858 81564 48198
25063 2425 3556 31759 34470 69818 4518 39198 85489 24296
36755 28128 81498 70883 4967 49083 77652 22456 86919 89162
839 37063 22923 64 94022 64204 38048 14453 55998 34721
39618 11125 1335 17516 51736 36266 34342 83492 51390 49127
3166 11037 83797 77614 84074 91103 97853 32219 32068 73464
37352 70222 25969 36549 69393 81118 84697 65625 12961 15163
23085 93586 12513 8591 16030 9228 23871 8189 78205 70551
81549 42943 39950 15873 32958 12918 36080 36730 92937 68515
71658 27611 8200 15328 82220 32514 45091 14394 905 79259
38572 95052 99365 76656 54 28673 76093 86123 92897 38024
59325 72478 86668 38852 17867 47968 14495 42122 61792 45744
89248 42065 96085 19200 28261 94614 35170 31925 33359 15197
28440 11246 61491 50752 53391 8381 52054 84608 85626 8159
40924 41026 46277 49544 55687 76951 42786 38473 29544 2304
24583 70794 88816 42807 1931 78864 39799 18643 20323 59650
81317 78699 39357 86691 12202 77660 48599 73124 40838 91388
97670 83300 41398 20377 7620 79220 94648 3203 86767 42478
29913 7065 86462 70478 68127 95277 29860 49295 35571 40055
92194 85297 38742 2256 13631 35896 32185 66114 42734 60205
64423 10752 1033 76136 15354 58988 55329 16043 15781 90973
65777 83130 55502 44582 74027 92588 27279 51051 23327 37812
63581 22112 85781 23066 27255 77566 41555 39708 34140 46977
79596 82175 810 99347 11053 1447 50108 96735 35337 7184
53348 61290 34205 9442 86851 98776 69998 83349 30202 28905
98397 39145 56583 69773 66411 58339 46917 35982 36335 65970
90600 54108 6760 79576 290 2193 82421 21171 89510 26194
562 43673 34559 57558 90507 71830 76601 38655 45657 10080
32236 19459 26056 37902 29369 3636 67833 89574 52885 85925
3119 97370 20167 71622 19795 1173 1387 63095 47927 49144
67164 37444 71220 84357 32418 77524 18918 59371 48688 85611
90656 11432 89469 74639 99915 15139 83858 65572 87506 90375
1024 93088 89509 40997 79320 13580 64014 64179 84593 75683
62860 15371 24406 45901 34892 72742 38071 10036 30038 44143
20765 60671 39838 96150 77901 19162 60973 87726 447 69619
88075 92748 3672 31591 7076 24644 42002 38946 20647 62721
62678 93398 7288 84075 47571 16189 45927 87449 37148 76466
96545 3934 23339 64797 96600 88085 91086 22798 75121 72247
82789 70230 30479 33760 59744 11539 5622 98861 10950 87916
7277 56212 60582 75476 1316 95886 31369 57210 85865 26322
83254 57190 87330 32525 17056 51841 39689 56061 31689 61541
9108 62814 27296 36315 30091 67392 74036 67917 58791 96002
69114 27838 40812 37287 79349 27043 64779 29521 99276 83486
78612 24922 61185 23988 77832 66190 11965 61597 71693 45708
7553 40852 16235 50662 17134 95731 27585 73847 35214 23745
2779 58093 33955 7518 89029 89969 93150 29046 25081 98003
83959 64371 57098 28914 54446 39224 43675 59692 87892 53230
3375 63389 64284 36664 45490 40115 97201 16742 88400 34259
10377 77088 22900 60266 72289 34500 4097 48023 30585 41574
2720 46551 28150 11290 53399 11498 2166 88202 93539 79241
10666 24655 8040 3605 52545 37876 88503 80173 70975 87522
95547 84387 9096 14831 89342 58155 53312 88649 38882 8663
15495 4399 91327 65991 85931 42720 77587 40244 28229 75951
20576 89423 76682 60924 84978 30544 61988 73524 21302 52059
24609 34802 92672 92882 12029 56750 8516 18410 84046 92218
47764 36520 1886 51278 19327 87864 77003 95615 47926 93864
83890 58123 85877 17843 33889 92309 2735 43663 31574 61014
9390 19415 97674 80465 57670 40368 48331 10082 53641 74081
77887 25546 84766 56017 91832 53700 33980 29003 32184 17863
25049 88176 36395 69231 89355 61979 28993 35351 32075 2730
83363 21352 32195 69763 79562 76404 78042 32782 40343 73289
58337 94939 16901 16431 21304 67640 40318 70865 42597 2848
2302 85727 43840 62541 79748 68501 43971 40678 41844 79613
52473 50065 7042 42147 28674 63605 24237 22722 91856 96227
7037 53010 11953 54636 18492 97494 75368 37246 60026 609
55001 92662 17002 62841 35295 89513 13888 31147 66552 22324
36812 42616 23061 15559 52211 3933 35777 308 10924 13167
57661 64580 78217 66470 7693 56158 51336 9624 37558 37803
32817 76042 32408 23329 53351 98535 7434 38460 75313 12785
88252 44879 39825 11738 69207 6382 41324 16860 81024 24973
15302 73036 75634 26548 10754 91753 57936 96418 97647 18550
69991 67348 61865 41941 88412 79182 53093 55572 23097 72167
23858 95536 76009 32955 38870 50898 99341 70653 47274 23826
6985 82931 40881 60785 50542 12074 82456 79435 69697 98326
99602 3986 91069 20738 37896 99114 40505 93175 82653 83750
64909 20602 17982 17640 51570 13243 91811 39608 10730 22632
49190 12399 80421 33418 22277 59202 80893 16425 71741 53483
34675 58977 53965 93836 5017 71512 79949 41290 66099 3821
29891 24857 50276 48891 94446 38162 63690 92876 42671 35128
33456 18790 68951 49095 99016 35471 51404 58428 10714 77278
98229 84646 22535 1336 26800 50816 54972 58373 72088 4233
12587 24178 52439 27993 44056 23926 89063 1929 28157 45095
37242 74963 91992 98503 81558 41110 75800 3208 95632 52670
5039 16218 50933 33035 10895 5516 21150 34005 96612 90545
37539 95111 1649 13683 50871 24577 60844 95423 17344 74141
16429 69775 77826 26421 49718 58835 75989 88597 1543 65708
42241 30088 50038 12829 53659 99944 4341 59879 50361 88630
25445 54985 62886 56306 23990 42896 98341 44702 55907 43831
4715 95973 30227 30914 20197 50125 48610 57352 47020 53046
89295 6500 72519 9432 20535 94994 46248 58290 92875 84762
33421 24519 33876 91517 40626 85333 48550 41968 78846 91714
8134 36440 45266 85700 27587 69220 2573 79202 54386 19078
52451 96416 74025 33664 68443 93044 62030 74443 57653 63302
94776 4791 6666 50080 83114 49350 88723 38472 43429 30626
84566 8455 81222 56242 96511 16175 7722 21075 71415 16550
49835 23621 83853 62684 73443 74241 85486 58510 95623 65261
86427 56785 2745 37484 17362 12542 8318 26219 26498 18039
73463 59302 66017 40854 15164 70864 66545 45800 92188 5538
86342 1477 98810 10654 98410 42852 61123 71562 11205 72555
19325 64469 15540 255 97277 43540 46759 71517 34529 70692
16621 72925 83735 79915 89749 25351 7048 20637 78625 70071
46882 1817 19798 66927 8697 85392 91917 23426 127 32703
73668 81170 13429 82959 46307 47874 47594 97721 52989 25941
93197 42865 34216 84028 37777 40958 17075 69147 18483 16460
88581 68468 86520 5491 87126 80091 46955 2494 25149 93787
17831 78455 40358 8079 20427 81617 1716 99604 23321 66757
1029 3791 43399 989 74116 19036 63313 56462 74468 10890
27625 66577 35087 56336 31441 18280 91775 51083 96921 46313
73357 16220 52055 12484 43434 99252 19273 8210 6080 93932
29342 84317 85718 55875 61851 59363 78582 89414 30014 77430
88056 34025 22476 66018 85098 81212 8557 41275 28458 2344
71119 32716 61691 68516 48056 43452 97960 32762 87984 22800
86013 41242 12488 43126 51580 95450 58594 44884 83066 62105
92981 66753 52981 18273 34887 8494 49958 23259 16723 27699
94390 95989 13921 84977 51593 388 22653 47325 38087 95944
38104 8758 78303 65579 36907 74144 15505 67199 81906 27916
68852 70709 78618 22066 1628 93181 90594 5730 55097 76810
77968 14811 11206 58134 24829 87907 57959 89848 1561 50640
20594 73987 92454 63773 41972 26737 68849 95086 50554 49461
11444 39872 40104 75095 59085 68440 67297 92128 31123 61755
40046 66750 44478 89785 11431 83520 21727 83414 6944 13136
86165 6677 68770 20297 34089 40128 40068 85492 45085 80049
78364 59572 94499 6111 17704 49362 80453 48998 10635 55078
48591 27654 28917 36784 91186 6049 54954 29475 34184 64389
57499 85976 56516 56517 22955 34952 10831 38872 24222 53279
97537 80001 43171 14964 47616 17483 77033 47827 68540 39778
51790 89302 85256 46643 23171 55187 18184 2282 58300 48753
80319 9264 48072 44336 66287 19339 12334 50569 54706 54431
63491 82389 59942 34922 46155 6125 37236 27058 14215 98857
18476 50111 22238 55362 47143 96851 39136 27629 98750 50764
11403 69409 4971 5004 37656 95210 98486 63500 58603 53968
19943 38705 11495 31275 18093 63529 2849 28542 27136 68858
43335 89728 47544 69455 92126 35444 86243 32036 11179 42029
77853 87125 57745 49691 76770 54598 68145 4578 97505 90019
83982 17067 13945 58266 60224 65443 28631 94340 24218 71897
1285 8921 42787 43935 24087 76588 68920 7747 35211 37909
40540 23770 96363 38252 83743 47360 83369 1305 64512 12072
53861 4482 61507 87957 97461 57987 73093 35539 3881 92162
79319 30812 31182 8679 77606 81232 87112 79364 89343 61098
746 75437 91305 38307 16904 58315 92907 58061 27695 33581
14351 44178 34757 41409 46213 67137 77286 30874 33702 39881
19983 43739 77454 20641 72739 20423 67377 2507 67935 15115
76832 25671 80199 36866 96456 7980 19443 50173 15280 81820
64685 79908 98865 94591 52130 8148 73846 34829 32471 66176
92255 27230 16088 54459 58262 99414 2269 93961 71865 46586
3595 16943 76611 78803 88927 53786 70671 30408 4696 19028
90637 36545 5952 49066 85493 89920 43453 7117 5899 17209
28217 25653 94393 11120 25518 8388 56 61953 83978 24656
33366 10966 76339 2057 77721 41593 77214 12677 29015 77828
59111 16283 81594 89625 76137 76511 56050 81535 78847 73666
51794 59166 96167 73362 85684 18167 65595 21272 14072 14411
25469 70393 72985 91981 33547 59334 9547 17326 36783 39301
50970 20014 39764 13027 83178 30768 91619 23547 68921 26638
82198 92971 59579 77661 85594 56576 35558 73810 82984 59476
31888 4451 56665 6229 97551 50683 53365 86768 19120 22282
18485 62179 814 21413 48281 48277 39525 39440 33265 14619
64723 59125 47314 67092 77115 21266 33352 77285 37274 10369
44101 81621 15868 76525 74645 76780 80703 40773 45120 61874
44411 24435 32053 24741 83289 16399 5059 36175 6147 117
78655 44627 63299 32771 80897 43993 26863 510 74536 61951
37779 40299 33024 87347 57763 17356 74513 13931 44168 27999
56415 40749 98638 76220 39533 20364 47381 59430 62051 66655
66362 66341 61387 72624 23843 19833 62613 41138 62501 1138
6221 68224 54438 47580 89347 63804 93822 68585 19278 71994
50117 84097 77542 79160 51329 59608 25423 94990 31464 15142
88321 26247 80122 42218 64060 4239 83965 52200 65413 64790
75611 81533 30075 54202 76489 60142 64281 67745 22532 64380
97652 78801 84741 33386 59159 8213 85677 57570 66953 75669
22538 39216 84082 96829 93030 95482 89928 54263 58187 63621
59293 70078 57478 51818 44402 34552 34091 3108 57335 53469
59598 350 95486 11145 43775 96949 36167 95979 49754 7102
27205 52442 58695 18223 7406 48715 35377 88368 20348 70249
51994 14143 94680 34053 1168 61837 74637 3046 88925 32047
80806 20617 79453 95037 57706 12929 39659 85419 64912 21966
85051 60789 73095 61306 36439 48527 51730 50747 23282 95902
57702 58885 3860 16466 39416 82737 98980 24085 23028 44043
73213 74615 62329 25045 80162 14444 77322 83281 68093 62048
70147 55986 10874 55691 33283 5848 84322 63539 27396 42212
44343 38677 39237 28687 20872 18825 91530 63151 33365 3322
62829 90816 14065 18622 70750 80235 88152 35742 27494 25367
42929 62267 95300 97232 44281 88668 26873 29561 84901 16972
36416 70251 29906 12308 98242 53850 72366 75505 32986 18980
23604 88278 91910 25422 76777 66028 44630 74312 31655 10469
62450 20665 83262 47759 69850 79193 25095 8578 28664 23661
92388 72987 71836 93242 95254 77885 50426 75761 20280 39356
13518 54248 71210 99885 2903 62819 66811 24122 75775 48412
12668 37536 2462 55213 43474 49108 14391 98667 39180 41522
35737 64150 65447 98555 12244 6198 55746 63837 93428 41255
76081 99438 41984 8324 91632 5247 92410 66217 99863 35912
82391 40795 38951 19658 90664 87485 99049 13952 93036 19251
93566 21548 5415 14565 51638 36301 69819 22565 56577 15336
59498 58408 31853 5508 74890 92711 9347 4338 61929 24950
56849 76680 22729 75723 47346 96033 14976 64759 74692 25434
11723 63320 97651 56111 82007 60839 12529 21868 31959 37025
33518 97323 36387 3071 74411 52595 22742 57710 81781 89557
88720 33771 84754 94360 81369 10888 9435 60380 98202 25980
70367 94396 70094 73341 99255 63464 73711 39936 67019 96751
73292 20851 94929 64218 26246 49079 51026 78519 37223 41693
7247 26157 17381 11334 15995 81842 94998 14037 31048 63217
97967 9934 91476 66566 96073 54628 35020 93789 91351 57721
14785 78815 48931 69 48779 10664 14716 87712 89852 49981
52317 18680 96659 29260 89021 5144 46832 26002 82156 93402
42515 73241 27121 45470 14926 31334 2389 52180 13803 5078
98336 26308 74586 96213 99960 50101 28134 34820 7015 76789
70422 73970 76328 10191 96226 29505 53413 59715 19131 47149
8978 99780 61740 86446 40685 36485 87854 32355 81851 71932
74955 74531 49045 25164 58653 39027 69820 92382 78594 28652
86486 23263 11026 73412 62016 51510 17785 29925 66268 6304
35477 75603 77585 60217 93466 81939 1586 24748 6076 11475
84868 74302 13612 80836 95313 16517 94294 827 15206 83886
59496 2604 2206 89115 90746 71767 88402 99456 26857 62913
48823 65889 99138 51501 9556 53851 1347 10229 75519 97552
88460 45191 50046 57465 29023 77839 50749 59931 95861 75294
78104 53108 68697 3651 50578 95113 45711 5011 65091 69750
6891 85410 8681 23103 65320 93114 34154 33659 19064 17907
82253 21129 99532 60500 87537 85954 38912 60955 29912 23906
73536 75093 44389 93754 18140 37341 14903 84598 25392 18648
14465 52813 32902 74091 13119 75417 29818 89706 62820 50665
65824 57370 70448 89288 75520 26012 7011 55733 96212 71213
37166 97720 15060 42914 61292 45386 43770 42164 68600 14991
85510 97022 66251 46072 15526 26259 8504 15430 97686 40122
84189 6841 97729 96909 37209 63200 15146 60741 65463 41433
29389 58305 49479 79697 19811 24267 13078 90898 72844 67696
4654 21384 88566 67138 18069 40819 8505 97207 13332 35186
